#"Step","Potential Energy (kJ/mole)","Kinetic Energy (kJ/mole)","Total Energy (kJ/mole)","Temperature (K)"
1000,-130.4585723876953,32.92263977043331,-97.535932617262,41.2467022855555
2000,-121.68002319335938,38.12642962858081,-83.55359356477857,47.76620292500189
3000,-118.92330169677734,40.51194120943546,-78.41136048734188,50.75486017303403
4000,-120.1003646850586,48.30750033631921,-71.79286434873939,60.52142532996242
5000,-109.42347717285156,35.86236877273768,-73.56110840011388,44.9297036427904
6000,-119.46991729736328,46.80146474018693,-72.66845255717635,58.63460816407696
7000,-118.89274597167969,48.40994024882093,-70.48280572285876,60.64976584586818
8000,-117.73416900634766,47.93848517164588,-69.79568383470178,60.05910946640263
9000,-111.76203155517578,45.99799432232976,-65.76403723284602,57.627990670713984
10000,-110.08857727050781,60.64631252922118,-49.442264741286635,75.97994617236058
11000,-103.1038818359375,54.706344455480576,-48.397537380456924,68.53813420249197
12000,-103.03579711914062,64.81110206898302,-38.22469505015761,81.19774873699046
13000,-102.06587219238281,51.239363733679056,-50.826508458703756,64.19457236604615
14000,-116.83871459960938,52.815574042499065,-64.02314055711031,66.16930701067537
15000,-110.60888671875,48.47774821519852,-62.13113850355148,60.734718177189954
16000,-114.25434875488281,50.24340222263709,-64.01094653224573,62.94679490286979
17000,-115.30601501464844,45.000288248062134,-70.3057267665863,56.3780275541244
18000,-122.92819213867188,41.7197908051312,-81.20840133354068,52.26809887523956
19000,-116.18685150146484,42.53035696223378,-73.65649453923106,53.28360617349644
20000,-117.05146789550781,47.51773594552651,-69.5337319499813,59.53197925486324
21000,-109.980712890625,45.36954002454877,-64.61117286607623,56.840639853726046
22000,-112.69757843017578,45.659327670931816,-67.03825075924397,57.20369654844249
23000,-112.48136901855469,38.90860731527209,-73.5727617032826,48.74614409625431
24000,-118.71292877197266,46.930701181292534,-71.78222759068012,58.79652036333854
25000,-113.07546997070312,39.70166499912739,-73.37380497157574,49.73971613085854
26000,-113.58828735351562,49.79293727502227,-63.79535007849336,62.38243573501737
27000,-117.5847396850586,54.03180155158043,-63.552938133478165,67.69304187301874
28000,-116.07157135009766,56.94372509047389,-59.127846259623766,71.341207516009
29000,-107.3394546508789,46.7409627661109,-60.59849188476801,58.55880905046385
30000,-117.69155883789062,50.38246751576662,-67.309091322124,63.12102105192601
31000,-116.4305191040039,41.3966864310205,-75.03383267298341,51.86330175025102
32000,-120.03073120117188,48.579462207853794,-71.45126899331808,60.86214923383005
33000,-115.79004669189453,42.767779937013984,-73.02226675488055,53.58105846847628
34000,-116.47664642333984,45.92732659727335,-70.5493198260665,57.53945552781767
35000,-115.07689666748047,47.83597857877612,-67.24091808870435,59.93068541086251
36000,-110.80400848388672,38.70074840262532,-72.1032600812614,48.48573075312257
37000,-119.1537094116211,38.50319075025618,-80.65051866136491,48.23822321033977
38000,-113.61063385009766,46.87808738928288,-66.73254646081477,58.730603856330944
39000,-108.20687866210938,47.30119610205293,-60.90568256005645,59.260690120122085
40000,-118.8704605102539,49.6881057638675,-69.18235474638641,62.251098935754115
41000,-114.61004638671875,45.25385661423206,-69.35618977248669,56.6957073933285
42000,-115.63394927978516,51.52156460750848,-64.11238467227668,64.54812407115634
43000,-106.76890563964844,45.85658422391862,-60.91232141572982,57.450826862768864
44000,-100.00585174560547,45.94910753518343,-54.05674421042204,57.56674349341647
45000,-117.56552124023438,54.25476900488138,-63.31075223535299,67.97238375537691
46000,-114.82012176513672,49.681273196823895,-65.13884856831282,62.24253884274035
47000,-111.29894256591797,52.647304782643914,-58.651637783274055,65.95849305063291
48000,-113.11764526367188,46.7424765303731,-66.37516873329878,58.56070555038879
49000,-117.33101654052734,51.60258524864912,-65.72843129187822,64.64962973070902
50000,-118.76889038085938,55.53090985491872,-63.23798052594066,69.5711802699625
51000,-114.00619506835938,52.92881901562214,-61.077376052737236,66.31118450665726
52000,-120.24785614013672,47.6445637345314,-72.60329240560532,59.69087380557657
53000,-115.98213958740234,49.98161092400551,-66.00052866339684,62.618813069368606
54000,-113.70708465576172,49.19424340501428,-64.51284125074744,61.63236988402253
55000,-122.2715835571289,47.25021779164672,-75.02136576548219,59.19682260503195
56000,-113.30734252929688,49.30601467937231,-64.00132784992456,61.77240107561802
57000,-110.13385009765625,49.582388520240784,-60.551461577415466,62.118652458049844
58000,-110.50799560546875,52.5098583586514,-57.99813724681735,65.78629508078103
59000,-111.67770385742188,44.82275049388409,-66.85495336353779,56.15560168116617
60000,-119.42749786376953,47.554919766262174,-71.87257809750736,59.57856452246079
61000,-119.54914093017578,48.83318430930376,-70.71595662087202,61.18002167828606
62000,-115.21224212646484,49.77277941815555,-65.43946270830929,62.357181225455136
63000,-114.27141571044922,53.08697860687971,-61.18443710356951,66.50933269950251
64000,-114.8267822265625,50.39016008935869,-64.43662213720381,63.130658592991175
65000,-120.22854614257812,51.270041808485985,-68.95850433409214,64.23300699422538
66000,-116.31329345703125,42.78408595081419,-73.52920750621706,53.6014872464045
67000,-119.92484283447266,41.70708475261927,-78.21775808185339,52.252180262125954
68000,-118.3199691772461,47.74735461547971,-70.57261456176639,59.81965402774917
69000,-118.58167266845703,50.48704203218222,-68.09463063627481,63.25203587866306
70000,-116.07054138183594,50.65299731120467,-65.41754407063127,63.45995079782768
71000,-116.42777252197266,41.46025445871055,-74.9675180632621,51.94294212937294
72000,-114.29374694824219,48.502335145138204,-65.79141180310398,60.76552159351409
73000,-116.42622375488281,50.78542319685221,-65.6408005580306,63.62585885132192
74000,-118.43048858642578,46.897773027420044,-71.53271555900574,58.75526675278173
75000,-113.9089584350586,41.18822059780359,-72.720737837255,51.602128034553715
76000,-118.52579498291016,51.15431175380945,-67.3714832291007,64.08801609604652
77000,-111.70574188232422,47.1519504673779,-64.55379141494632,59.07370966218238
78000,-112.64285278320312,40.319854244589806,-72.32299853861332,50.51420651016949
79000,-121.00111389160156,49.73732494795695,-71.26378894364461,62.3127625522512
80000,-113.7323226928711,43.8237581551075,-69.9085645377636,54.9040270847672
81000,-118.29557037353516,45.89584367349744,-72.39972670003772,57.50001255504518
82000,-116.39310455322266,41.17368928808719,-75.21941526513547,51.58392267162198
83000,-113.15349578857422,40.88173595815897,-72.27175983041525,51.21815272836121
84000,-108.71179962158203,41.39036787673831,-67.32143174484372,51.85538563145952
85000,-117.1045150756836,52.2470690831542,-64.85744599252939,65.45706294490581
86000,-112.4043960571289,47.70099037885666,-64.70340567827225,59.76156719516155
87000,-117.90413665771484,49.03776161186397,-68.86637504585087,61.43632369877777
88000,-111.88117980957031,52.21355950459838,-59.66762030497193,65.4150809039746
89000,-109.73816680908203,55.1017092987895,-54.63645751029253,69.0334619192197
90000,-110.97216796875,60.636688478291035,-50.335479490458965,75.96788880496038
91000,-115.5036849975586,57.337509910576046,-58.16617508698255,71.83455572115236
92000,-115.6749038696289,53.46012429520488,-62.21477957442403,66.97682343605362
93000,-112.96446990966797,37.94996900111437,-75.0145009085536,47.54512651627579
94000,-122.34968566894531,45.67173823155463,-76.67794743739069,57.21924495837483
95000,-122.58335876464844,48.07413912937045,-74.50921963527799,60.22906176813596
96000,-119.42112731933594,45.01545139402151,-74.40567592531443,56.397024504899306
97000,-121.92721557617188,45.49272866919637,-76.43448690697551,56.99497514962488
98000,-115.87467193603516,44.062478706240654,-71.8121932297945,55.203105031453475
99000,-122.18328857421875,50.47273940080777,-71.71054917341098,63.234117012426466
100000,-109.52379608154297,46.566667914390564,-62.957128167152405,58.34044600579481
101000,-116.10325622558594,54.82431051507592,-61.278945710510015,68.68592645043616
102000,-103.3104248046875,50.52282375842333,-52.78760104626417,63.29686455035589
103000,-107.01602935791016,55.213234663009644,-51.80279469490051,69.17318502548797
104000,-114.77415466308594,53.81076401472092,-60.96339064836502,67.41611786144648
105000,-124.49568939208984,57.056109020486474,-67.43958037160337,71.48200626529619
106000,-115.75300598144531,56.79529067873955,-58.957715302705765,71.15524338821035
107000,-116.85686492919922,53.60343624185771,-63.25342868734151,67.15636994990459
108000,-110.2160415649414,45.43783490359783,-64.77820666134357,56.926202207273846
109000,-118.71918487548828,41.964135479182005,-76.75504939630628,52.57422293138787
110000,-118.11764526367188,53.05450190231204,-65.06314336135983,66.4686446813527
111000,-124.10134887695312,56.56384286656976,-67.53750601038337,70.86527699821923
112000,-110.63867950439453,43.823107620701194,-66.81557188369334,54.90321207117259
113000,-114.40343475341797,39.407132265158,-74.99630248825997,49.3707146146953
114000,-120.52349853515625,42.427340526133776,-78.09615800902247,53.1545433674771
115000,-115.46416473388672,41.9705992564559,-73.49356547743082,52.58232099092123
116000,-122.82569122314453,53.3982796408236,-69.42741158232093,66.89934216283237
117000,-123.4939193725586,47.98131691478193,-75.51260245777667,60.11277066033552
118000,-119.75447082519531,40.111448630690575,-79.64302219450474,50.25310823946339
119000,-119.155029296875,35.90312449308112,-83.25190480379388,44.98076391849007
120000,-113.81587219238281,40.69486802071333,-73.12100417166948,50.98403765629284
121000,-114.40859985351562,46.739431615918875,-67.66916823759675,58.5568907688022
122000,-120.13374328613281,35.77979847602546,-84.35394481010735,44.82625651735128
123000,-117.84325408935547,39.98707801476121,-77.85617607459426,50.097292126172356
124000,-121.72158813476562,39.045224299654365,-82.67636383511126,48.91730291344693
125000,-119.65863037109375,43.67190521303564,-75.9867251580581,54.713780095567735
126000,-120.29998016357422,45.166797649115324,-75.1331825144589,56.5866366978892
127000,-117.79696655273438,46.138546869158745,-71.65841968357563,57.804080106280395
128000,-107.39555358886719,38.7789643118158,-68.61658927705139,48.583722540624095
129000,-116.98261260986328,50.12770241498947,-66.85491019487381,62.80184189928886
130000,-115.30677795410156,51.87074822932482,-63.436029724776745,64.98559424342926
131000,-112.54672241210938,48.34377917088568,-64.20294324122369,60.56687679737404
132000,-107.34590911865234,50.87998003140092,-56.465929087251425,63.74432315524442
133000,-116.49211120605469,47.73526648245752,-68.75684472359717,59.80450956705492
134000,-115.9763412475586,41.94890199229121,-74.02743925526738,52.55513785488925
135000,-122.63351440429688,43.84818633564282,-78.78532806865405,54.934631613958786
136000,-111.0145034790039,45.55692061595619,-65.45758286304772,57.075397197662184
137000,-111.10584259033203,43.0763623341918,-68.02948025614023,53.967661922989876
138000,-114.15525817871094,46.61819491535425,-67.53706326335669,58.40500094073431
139000,-114.5965805053711,55.29749851487577,-59.299081990495324,69.27875389953913
140000,-111.20149230957031,51.25566587224603,-59.945826437324286,64.21499628893866
141000,-122.82061767578125,44.96460048854351,-77.85601718723774,56.33331660742124
142000,-110.91546630859375,37.96859633550048,-72.94686997309327,47.568463530596475
143000,-116.44139862060547,39.364641550928354,-77.07675706967711,49.317480674405225
144000,-121.54289245605469,45.2149770706892,-76.32791538536549,56.6469976614026
145000,-120.59561157226562,40.271319571882486,-80.32429200038314,50.45340047488056
146000,-113.86450958251953,41.688339706510305,-72.17616987600923,52.228695774199814
147000,-106.18416595458984,43.26128675043583,-62.922879204154015,54.19934207972499
148000,-114.04092407226562,50.59866460412741,-63.44225946813822,63.39188077036904
149000,-111.61739349365234,54.70970477163792,-56.90768872201443,68.54234413101209
150000,-120.50130462646484,57.67301978170872,-62.828284844756126,72.25489491220662
151000,-111.9868392944336,45.73699360806495,-66.24984568636864,57.300999310584174
152000,-114.98674774169922,48.21523999143392,-66.7715077502653,60.40583815333318
153000,-112.42092895507812,50.08245565742254,-62.33847329765558,62.745155085844885
154000,-116.21729278564453,52.0865139439702,-64.13077884167433,65.25591352090716
155000,-115.8845443725586,40.44067885912955,-75.44386551342905,50.665580061605155
156000,-114.96903991699219,48.50986924022436,-66.45917067676783,60.77496058683834
157000,-111.29105377197266,46.20785066857934,-65.08320310339332,57.890906472631684
158000,-114.6153793334961,44.996924868319184,-69.61845446517691,56.373813787430784
159000,-118.7432861328125,47.83763465099037,-70.90565148182213,59.93276019945967
160000,-120.1673812866211,46.80019587278366,-73.36718541383743,58.63301848000583
161000,-113.36309051513672,44.77051815018058,-68.59257236495614,56.09016306672219
162000,-111.19893646240234,55.219977708533406,-55.97895875386894,69.18163296262655
163000,-110.67499542236328,45.980204497464,-64.69479092489928,57.605702919334796
164000,-108.50460815429688,51.965613244101405,-56.53899491019547,65.10444464695367
165000,-108.92303466796875,53.99371947720647,-54.92931519076228,67.64533123999928
166000,-118.76193237304688,56.13195879012346,-62.62997358292341,70.32419663384789
167000,-114.55615234375,49.78044165298343,-64.77571069076657,62.366780756993045
168000,-112.62425231933594,51.88943875208497,-60.73481356725097,65.00901042248492
169000,-107.26627349853516,55.867065750062466,-51.39920774847269,69.99232882382118
170000,-114.01873016357422,48.62962765991688,-65.38910250365734,60.92499836988641
171000,-110.37125396728516,59.01924238726497,-51.35201158002019,73.94149244535251
172000,-107.99238586425781,54.1509669944644,-53.841418869793415,67.84233675276212
173000,-108.43546295166016,49.349697429686785,-59.08576552197337,61.82712844285828
174000,-108.50367736816406,61.4557718783617,-47.04790548980236,76.99406682061561
175000,-107.03897094726562,48.976623272523284,-58.06234767474234,61.35972732319542
176000,-104.63768005371094,49.849239306058735,-54.7884407476522,62.452973004459494
177000,-111.99378967285156,57.151745467446744,-54.84204420540482,71.60182314762777
178000,-112.92771911621094,50.76561876246706,-62.16210035374388,63.601047122532435
179000,-112.55726623535156,44.60264921095222,-67.95461702439934,55.879850643185534
180000,-117.1399154663086,45.65716477483511,-71.48275069147348,57.200986792116815
181000,-108.94763946533203,51.98558118008077,-56.96205828525126,65.12946121659513
182000,-104.82562255859375,54.39019665308297,-50.43542590551078,68.14205252815923
183000,-109.46984100341797,55.41520697530359,-54.05463402811438,69.42622341770691
184000,-114.1076889038086,44.3254455588758,-69.7822433449328,55.532559642543085
185000,-108.50480651855469,45.17266333848238,-63.33214318007231,56.59398545074467
186000,-110.13916015625,46.649783335626125,-63.489376820623875,58.44457608342366
187000,-117.10199737548828,50.13478510454297,-66.96721227094531,62.81071535504548
188000,-118.21554565429688,51.05549155920744,-67.16005409508944,63.9642104967698
189000,-118.46149444580078,54.00342104956508,-64.4580733962357,67.6574857291158
190000,-114.67398834228516,51.97672355175018,-62.69726479053497,65.11836405180958
191000,-113.5591812133789,46.70408187061548,-66.85509934276342,58.51260329882512
192000,-121.04589080810547,51.51592115312815,-69.52996965497732,64.541053742522
193000,-101.8260269165039,40.598160814493895,-61.22786610201001,50.86287928710936
194000,-114.64004516601562,54.02601892501116,-60.61402624100447,67.68579718431229
195000,-116.02523803710938,47.114947594702244,-68.91029044240713,59.02735109301522
196000,-115.357666015625,52.22642166540027,-63.13124435022473,65.43119509533481
197000,-116.28839111328125,50.366493828594685,-65.92189728468657,63.101008625104285
198000,-110.16682434082031,46.723384868353605,-63.44343947246671,58.53678680921416
199000,-109.71353149414062,48.475370310246944,-61.23816118389368,60.73173904980877
200000,-114.42117309570312,51.80755477398634,-62.613618321716785,64.90642314242044
201000,-115.5472640991211,43.59913693368435,-71.94812716543674,54.622613300463705
202000,-121.4092788696289,49.67912488989532,-71.73015397973359,62.23984736426478
203000,-117.06177520751953,47.740269504487514,-69.32150570303202,59.81077753832449
204000,-109.98269653320312,47.029517881339416,-62.95317865186371,58.92032158450718
205000,-114.06986999511719,55.50779876485467,-58.56207123026252,69.54222584048742
206000,-111.76485443115234,53.81038214638829,-57.95447228476405,67.41563944265813
207000,-117.14981079101562,57.642365134786814,-59.50744565622881,72.21648963534932
208000,-104.65242004394531,51.00322417682037,-53.649195867124945,63.89872798456552
209000,-107.17340850830078,48.879851289093494,-58.29355721920729,61.238487798724
210000,-113.65100860595703,49.170844255015254,-64.48016435094178,61.60305456239357
211000,-116.18741607666016,46.91790018975735,-69.26951588690281,58.78048280710084
212000,-115.26528930664062,43.50391997396946,-71.76136933267117,54.50332196728747
213000,-114.21703338623047,50.379364458844066,-63.8376689273864,63.117133427301965
214000,-112.04232025146484,47.182459542527795,-64.85986070893705,59.11193256133293
215000,-111.52348327636719,51.012866608798504,-60.510616667568684,63.91080838042332
216000,-110.64775848388672,51.958526469767094,-58.689232014119625,65.09556607363237
217000,-109.9289321899414,50.28731729090214,-59.64161489903927,63.00181332664166
218000,-113.92872619628906,57.86017854139209,-56.068547654896975,72.48937433714406
219000,-111.3288345336914,50.933816358447075,-60.39501817524433,63.81177129941828
220000,-116.69940185546875,51.48733852803707,-65.21206332743168,64.50524437134483
221000,-120.04996490478516,54.6145891295746,-65.43537577521056,68.42317973234171
222000,-108.04143524169922,50.06702642142773,-57.97440882027149,62.72582476761981
223000,-110.42417907714844,48.73635331355035,-61.687825763598084,61.05870822099028
224000,-104.7705307006836,41.42823962494731,-63.342291075736284,51.90283276007079
225000,-115.83790588378906,53.22434524446726,-62.613560639321804,66.6814307099916
226000,-104.97948455810547,48.22080701589584,-56.758677542209625,60.41281272773543
227000,-112.16028594970703,54.35184167698026,-57.808444272726774,68.09399999374797
228000,-114.63207244873047,61.84257362037897,-52.7894988283515,77.47866636693901
229000,-108.59010314941406,46.9773354139179,-61.61276773549616,58.854945456916276
230000,-106.07099914550781,46.72874786704779,-59.342251278460026,58.54350577257917
231000,-115.56846618652344,47.44107111543417,-68.12739507108927,59.43593071669495
232000,-119.14295196533203,47.399212865158916,-71.74373910017312,59.38348915066815
233000,-114.78939819335938,39.79316173121333,-74.99623646214604,49.85434662509489
234000,-114.5501708984375,47.54994386062026,-67.00022703781724,59.57233052360638
235000,-113.48773956298828,39.18168042600155,-74.30605913698673,49.08826020173634
236000,-118.69867706298828,45.040086179971695,-73.65859088301659,56.427887877005574
237000,-119.23086547851562,42.42681056819856,-76.80405491031706,53.15387941655062
238000,-115.69984436035156,40.55993285216391,-75.13991150818765,50.81498588025612
239000,-112.01555633544922,48.78605775907636,-63.22949857637286,61.12097979098513
240000,-116.91681671142578,48.8499193508178,-68.06689736060798,61.2009879580218
241000,-110.07138061523438,44.633039159700274,-65.4383414555341,55.91792429636841
242000,-122.22860717773438,54.8046669177711,-67.42394025996327,68.66131622429697
243000,-111.0906753540039,45.42398333828896,-65.66669201571494,56.908848453307954
244000,-113.15299987792969,46.727543123066425,-66.42545675486326,58.5419964247056
245000,-113.7278823852539,45.779014312662184,-67.94886807259172,57.3536444054015
246000,-116.95577239990234,43.65839343238622,-73.29737896751612,54.69685203640599
247000,-121.99569702148438,44.11635739170015,-77.87933962978423,55.270606243816175
248000,-118.03508758544922,50.29345840588212,-67.7416291795671,63.00950714290449
249000,-119.02896118164062,53.086362924426794,-65.94259825721383,66.50856134972571
250000,-107.38125610351562,52.10900044813752,-55.2722556553781,65.28408544604133
251000,-109.17984771728516,46.790780797600746,-62.38906691968441,58.62122292516048
252000,-103.67626190185547,44.198526576161385,-59.477735325694084,55.373550840973394
253000,-109.1286392211914,49.982187653076835,-59.14645156811457,62.61953561690642
254000,-100.60990142822266,45.93024009466171,-54.679661333560944,57.54310566523756
255000,-104.92771911621094,49.07119937520474,-55.856519741006196,61.478215766948146
256000,-104.14256286621094,47.217292096465826,-56.92527076974511,59.15557207481501
257000,-117.11290740966797,49.014439936727285,-68.09846747294068,61.40710544052538
258000,-116.9679183959961,46.574923884123564,-70.39299451187253,58.35078939040887
259000,-116.08051300048828,51.43434451147914,-64.64616848900914,64.43885150494279
260000,-112.69334411621094,44.15270107612014,-68.5406430400908,55.31613895752578
261000,-118.35538482666016,49.69094940274954,-68.66443542391062,62.254661551850305
262000,-109.65263366699219,47.490489937365055,-62.16214372962713,59.497844446872705
263000,-117.11873626708984,51.729587990790606,-65.38914827629924,64.80874346919069
264000,-108.95331573486328,42.889326341450214,-66.06398939341307,53.73333630502337
265000,-118.39100646972656,48.91773603670299,-69.47327043302357,61.285951213465594
266000,-111.63495635986328,46.29373733699322,-65.34121902287006,57.9985084713495
267000,-109.40055084228516,43.836669960059226,-65.56388088222593,54.92020347215674
268000,-116.02603912353516,46.689309023320675,-69.33673010021448,58.49409532867061
269000,-117.97401428222656,42.69634098187089,-75.27767330035567,53.49155709996741
270000,-121.61129760742188,37.35631071962416,-84.25498688779771,46.80136943705241
271000,-114.84269714355469,44.97308188676834,-69.86961525678635,56.34394241719786
272000,-119.6281967163086,46.71312140207738,-72.91507531423122,58.52392835858975
273000,-117.44849395751953,54.08887456357479,-63.35961939394474,67.76454505595565
274000,-111.41936492919922,50.523302622139454,-60.896062307059765,63.2974644885526
275000,-108.3116455078125,45.944722262211144,-62.366923245601356,57.5612494610427
276000,-118.63017272949219,54.155959667637944,-64.47421306185424,67.84859175860109
277000,-110.72952270507812,46.69959960877895,-64.02992309629917,58.50698775521057
278000,-124.13460540771484,54.51497748494148,-69.61962792277336,68.29838257515729
279000,-113.43539428710938,39.525354128330946,-73.91004015877843,49.518827342834356
280000,-119.19589233398438,43.51945682428777,-75.6764355096966,54.522787108722156
281000,-109.60298919677734,41.90209051221609,-67.70089868456125,52.496490699142676
282000,-113.95890808105469,53.97157557331957,-59.98733250773512,67.61758853718347
283000,-109.5831527709961,45.08507065474987,-64.49808211624622,56.484246092859024
284000,-119.00420379638672,54.48641059547663,-64.51779320091009,68.26259291815538
285000,-118.52513885498047,50.505078818649054,-68.02006003633142,63.27463303268149
286000,-116.27000427246094,48.488532453775406,-67.78147181868553,60.74822907063772
287000,-119.91946411132812,52.262063411064446,-67.65740070026368,65.47584839417715
288000,-116.00611114501953,53.18857717514038,-62.81753396987915,66.63661914818667
289000,-95.6701431274414,42.96212066616863,-52.708022461272776,53.82453573072784
290000,-110.81613159179688,48.64203289151192,-62.17409870028496,60.94054010341542
291000,-123.00838470458984,53.61153204366565,-69.3968526609242,67.16651267021084
292000,-111.84909057617188,44.090056450106204,-67.75903412606567,55.23765545021883
293000,-122.6893081665039,49.13694313541055,-73.55236503109336,61.560581984336864
294000,-119.6439208984375,42.05539964186028,-77.58852125657722,52.688562054057854
295000,-122.40572357177734,41.69349437393248,-80.71222919784486,52.23515373243239
296000,-116.47824096679688,47.111475113313645,-69.36676585348323,59.02300063973971
297000,-116.3196792602539,44.40660818759352,-71.91307107266039,55.634243189390354
298000,-114.51285552978516,46.787455804646015,-67.72539972513914,58.61705725085667
299000,-117.0071792602539,51.08322060294449,-65.92395865730941,63.99895046961708
300000,-105.7204360961914,44.388516816776246,-61.33191927941516,55.61157765007635
301000,-109.77262115478516,52.658467039465904,-57.11415411531925,65.97247753933678
302000,-117.68696594238281,48.74749467149377,-68.93947127088904,61.072666526805165
303000,-112.5089111328125,46.060161613859236,-66.44874951895326,57.7058761557023
304000,-106.81126403808594,49.942458156496286,-56.86880588158965,62.569761032339706
305000,-112.59322357177734,57.205595046281815,-55.38762852549553,71.66928789413352
306000,-113.98076629638672,48.33248084038496,-65.64828545600176,60.55272183052641
307000,-110.98323059082031,51.514164397493005,-59.46906619332731,64.53885281400663
308000,-109.9385757446289,53.38054483383894,-56.55803091078997,66.87712333989201
309000,-112.53775787353516,50.42643190920353,-62.11132596433163,63.17610127209977
310000,-119.46466827392578,55.775240793824196,-63.689427480101585,69.87728711821211
311000,-109.00967407226562,50.99174192547798,-58.01793214678764,63.88434259487655
312000,-118.09166717529297,52.008750673383474,-66.0829165019095,65.15848881581037
313000,-113.05418395996094,47.30893580801785,-65.74524815194309,59.270386710369365
314000,-101.35375213623047,39.789190540555865,-61.564561595674604,49.849371370379295
315000,-104.37467193603516,43.825653253123164,-60.54901868291199,54.906401333739915
316000,-107.48340606689453,51.38785778731108,-56.095548279583454,64.38061121542285
317000,-117.88367462158203,61.899034425616264,-55.98464019596577,77.54940255457961
318000,-109.3993911743164,61.103405974805355,-48.29598519951105,76.55260976793353
319000,-105.74150085449219,52.074682865291834,-53.666817989200354,65.241091107414
320000,-114.89209747314453,48.34196429699659,-66.55013317614794,60.564603056157935
321000,-112.8502197265625,51.37917085364461,-61.47104887291789,64.36972790323361
322000,-111.73455810546875,42.36815055832267,-69.36640754714608,53.08038798389851
323000,-124.4889144897461,50.34800308570266,-74.14091140404344,63.077842737665605
324000,-121.42521667480469,45.86843939125538,-75.55677728354931,57.4656794554253
325000,-116.82673645019531,47.002233386039734,-69.82450306415558,58.88613855840462
326000,-122.74555206298828,48.69947372749448,-74.0460783354938,61.012504109865894
327000,-109.552734375,40.528340900316834,-69.02439347468317,50.77540631307857
328000,-107.66824340820312,48.193426601588726,-59.4748168066144,60.37850953074832
329000,-106.61292266845703,47.65916780382395,-58.95375486463308,59.70917032439972
330000,-118.16566467285156,55.137129694223404,-63.02853497862816,69.07783790229658
331000,-115.58631134033203,55.82564998418093,-59.760661356151104,69.94044161862878
332000,-112.70374298095703,48.85552787780762,-63.848215103149414,61.20801452832791
333000,-118.10426330566406,51.506281681358814,-66.59798162430525,64.52897705532338
334000,-108.12132263183594,46.41560398414731,-61.70571864768863,58.15118751983267
335000,-103.99115753173828,53.527510300278664,-50.46364723145962,67.06124711862805
336000,-115.0505599975586,60.07862655445933,-54.97193344309926,75.26872816080503
337000,-110.39635467529297,49.627171881496906,-60.76918279379606,62.17475871143529
338000,-113.23638153076172,50.23284541349858,-63.00353611726314,62.93356894144453
339000,-115.67463684082031,53.012021481990814,-62.6626153588295,66.4154236376523
340000,-123.90533447265625,49.06322220899165,-74.8421122636646,61.4682216777084
341000,-111.67637634277344,40.8181877322495,-70.85818861052394,51.138537157643306
342000,-116.86274719238281,53.85925244167447,-63.00349475070834,67.47686595834253
343000,-114.52955627441406,43.27211977168918,-71.25743650272489,54.212914089916325
344000,-106.33375549316406,46.53203961066902,-59.801715882495046,58.29706238454767
345000,-109.02967071533203,49.38527370989323,-59.644397005438805,61.87169972415087
346000,-105.91177368164062,49.194495181553066,-56.71727850008756,61.632685318994035
347000,-103.66969299316406,46.596921030431986,-57.07277196273208,58.37834822989568
348000,-113.05266571044922,40.9740644255653,-72.07860128488392,51.33382525140752
349000,-110.49108123779297,44.30125689134002,-66.18982434645295,55.502255184106886
350000,-115.85762786865234,40.795529730734415,-75.06209813791793,51.110150374281005
351000,-120.03852844238281,40.04084029793739,-79.99768814444542,50.16464750544395
352000,-114.75680541992188,43.84660542802885,-70.91019999189302,54.93265099435631
353000,-118.22441864013672,40.492182321846485,-77.73223631829023,50.730105506957464
354000,-106.51241302490234,38.468371003866196,-68.04404202103615,48.194599742628164
355000,-116.33358764648438,53.13600409962237,-63.197583546862006,66.5707536523076
356000,-102.37152862548828,43.74303893558681,-58.62848968990147,54.802899057382156
357000,-109.52835845947266,47.997521348297596,-61.53083711117506,60.13307217472159
358000,-122.97526550292969,52.54887901060283,-70.42638649232686,65.83518159854667
359000,-117.71435546875,44.045706981793046,-73.66864848695695,55.182092793980125
360000,-117.8032455444336,49.647174179553986,-68.15607136487961,62.1998183311602
361000,-111.7647705078125,32.404081493616104,-79.3606890141964,40.59703327326693
362000,-119.5300064086914,41.70655179489404,-77.82345461379737,52.25151255295146
363000,-115.98689270019531,39.63462248630822,-76.3522702138871,49.655722788100796
364000,-117.40959930419922,45.130453798919916,-72.2791455052793,56.54110377649002
365000,-116.24901580810547,45.81893426179886,-70.43008154630661,57.40365759598331
366000,-113.62151336669922,47.71781250089407,-65.90370086580515,59.78264257260171
367000,-113.22956085205078,45.84708270803094,-67.38247814401984,57.438923011807546
368000,-113.64775848388672,51.96049880236387,-61.687259681522846,65.09803708494843
369000,-110.09087371826172,52.16314023733139,-57.92773348093033,65.35191377883159
370000,-112.30274200439453,60.96827597171068,-51.33446603268385,76.38331389596345
371000,-107.33334350585938,50.11555367335677,-57.2177898325026,62.78662150588292
372000,-105.29647064208984,47.02297677285969,-58.27349386923015,58.91212664157544
373000,-115.23555755615234,48.63238646835089,-66.60317108780146,60.92845470725589
374000,-112.81610870361328,46.87242268025875,-65.94368602335453,58.72350689909173
375000,-112.54737091064453,43.371373765170574,-69.17599714547396,54.33726316849344
376000,-109.0434341430664,44.63094547018409,-64.41248867288232,55.91530124460966
377000,-119.051513671875,46.29905189014971,-72.75246178172529,58.00516674035087
378000,-108.42251586914062,46.57506174594164,-61.847454123198986,58.35096210879981
379000,-117.06492614746094,53.79912297427654,-63.265803173184395,67.4015335348903
380000,-115.79395294189453,57.718745455145836,-58.075207486748695,72.31218172918783
381000,-109.08732604980469,48.10763528291136,-60.97969076689333,60.27102698971136
382000,-120.89717102050781,51.58842907845974,-69.30874194204807,64.63189435646878
383000,-108.20494842529297,41.5306303165853,-66.67431810870767,52.03111161025573
384000,-110.6733627319336,45.368460435420275,-65.30490229651332,56.83928730448685
385000,-119.64776611328125,43.10588247328997,-76.54188363999128,54.00464584643285
386000,-120.16358947753906,49.56888623535633,-70.59470324218273,62.1017362955341
387000,-124.92057800292969,53.73967918381095,-71.18089881911874,67.32706015289068
388000,-115.00023651123047,49.171280924230814,-65.82895558699965,61.603601637757414
389000,-112.38928985595703,42.17086660396308,-70.21842325199395,52.83322334011757
390000,-119.25908660888672,48.36108584702015,-70.89800076186657,60.588559242130856
391000,-117.84982299804688,48.2575121819973,-69.59231081604958,60.45879831908185
392000,-109.41765594482422,48.77048262394965,-60.64717332087457,61.10146668492474
393000,-119.19322204589844,47.43843890354037,-71.75478314235806,59.43263298415913
394000,-112.80770111083984,44.32611205428839,-68.48158905655146,55.53339465267742
395000,-114.57186889648438,45.908372081816196,-68.66349681466818,57.515708608935114
396000,-120.71121978759766,49.750554613769054,-70.9606651738286,62.329337167497556
397000,-127.68875122070312,47.45025814883411,-80.23849307186902,59.44744057234981
398000,-117.70970916748047,42.6361299008131,-75.07357926666737,53.41612242789982
399000,-119.54146575927734,43.34003850072622,-76.20142725855112,54.2980051887996
400000,-121.25069427490234,45.97295651957393,-75.27773775532842,57.59662238422921
401000,-114.89839172363281,40.44659449160099,-74.45179723203182,50.67299138503128
402000,-120.73123168945312,48.77315965294838,-71.95807203650475,61.104820565989264
403000,-110.3091049194336,45.05596242658794,-65.25314249284565,56.44777822669073
404000,-118.90109252929688,48.09240009263158,-70.8086924366653,60.251939779143925
405000,-109.93656158447266,44.87179565196857,-65.06476593250409,56.217047271439746
406000,-120.20613861083984,50.97732139751315,-69.22881721332669,63.866276023425606
407000,-117.95252227783203,55.86219451483339,-62.09032776299864,69.9862259599361
408000,-112.58837127685547,48.40266074985266,-64.18571052700281,60.64064581998855
409000,-106.29927825927734,49.73264394700527,-56.56663431227207,62.30689802091354
410000,-112.64480590820312,48.13368048518896,-64.51112542301416,60.30365738362273
411000,-109.99114990234375,49.07277718372643,-60.91837271861732,61.48019250389304
412000,-107.20954895019531,55.77418704330921,-51.4353619068861,69.87596694054477
413000,-110.9187240600586,57.27209247648716,-53.646631583571434,71.75259833720733
414000,-110.85562896728516,50.45122621208429,-60.40440275520086,63.20716449292385
415000,-109.72169494628906,50.8828384578228,-58.83885648846626,63.74790429771812
416000,-105.69464111328125,49.70193262491375,-55.9927084883675,62.26842173930497
417000,-111.63461303710938,51.09264536201954,-60.541967675089836,64.0107581568011
418000,-103.87716674804688,44.83144197613001,-59.045724771916866,56.16649069198418
419000,-109.53816223144531,42.448069363832474,-67.09009286761284,53.18051322297003
420000,-115.22774505615234,54.0556141063571,-61.172130949795246,67.72287512346222
421000,-105.53343963623047,41.634443229064345,-63.89899640716612,52.161172271377595
422000,-100.04373168945312,48.2239729501307,-51.819758739322424,60.416779127384764
423000,-106.1639175415039,50.53521252423525,-55.62870501726866,63.31238565494207
424000,-110.0462646484375,47.31239866092801,-62.73386598750949,59.274725100730535
425000,-112.72786712646484,46.10751358792186,-66.62035353854299,57.76520046233181
426000,-118.51923370361328,59.36968888528645,-59.14954481832683,74.38054479570167
427000,-115.09454345703125,49.532779584638774,-65.56176387239248,62.05650054642467
428000,-108.06708526611328,38.33864516019821,-69.72844010591507,48.03207440171303
429000,-108.50789642333984,42.45551139861345,-66.05238502472639,53.1898368797348
430000,-116.45390319824219,53.97400362789631,-62.47989957034588,67.62063049387218
431000,-118.4435043334961,48.03578335791826,-70.40772097557783,60.18100823728143
432000,-116.83529663085938,42.24550811201334,-74.58978851884604,52.926736985504505
433000,-111.65786743164062,40.91476222872734,-70.74310520291328,51.259529263148046
434000,-101.27238464355469,46.957466688007116,-54.31491795554757,58.83005318132265
435000,-108.56970977783203,52.62636865116656,-55.94334112666547,65.93226348981764
436000,-119.16218566894531,57.83810240030289,-61.324083268642426,72.46171653007059
437000,-109.35246276855469,51.60149138607085,-57.75097138248384,64.64825929916337
438000,-99.62984466552734,46.84302440285683,-52.78682026267052,58.68667564849456
439000,-103.10430145263672,48.05280741676688,-55.05149403586984,60.20233660863674
440000,-106.49166870117188,47.53400859236717,-58.9576601088047,59.55236622942891
441000,-116.00204467773438,53.270796466618776,-62.7312482111156,66.73962652127052
442000,-114.90841674804688,41.20134987309575,-73.70706687495112,51.61857687683905
443000,-118.87142944335938,54.09221410751343,-64.77921533584595,67.76872896027095
444000,-116.2413101196289,57.253399819135666,-58.98791030049324,71.7291794838566
445000,-120.68739318847656,48.433631129562855,-72.25376205891371,60.67944665857514
446000,-116.36986541748047,44.30680365860462,-72.06306175887585,55.50920437954218
447000,-120.95022583007812,51.27244044840336,-69.67778538167477,64.23601209913956
448000,-114.78623962402344,37.98813607543707,-76.79810354858637,47.59294364037873
449000,-111.6805191040039,36.951247757766396,-74.72927134623751,46.29389155826891
450000,-111.26994323730469,39.03005153685808,-72.2398917004466,48.898293914342624
451000,-114.18781280517578,49.40908231027424,-64.77873049490154,61.90152802038104
452000,-113.08301544189453,53.445232320576906,-59.637783121317625,66.95816621876463
453000,-116.98328399658203,52.59238456003368,-64.39089943654835,65.88968696195786
454000,-112.6286849975586,49.19220620859414,-63.43647878896445,61.62981760890655
455000,-119.76202392578125,48.35705510340631,-71.40496882237494,60.58350937726617
456000,-117.03317260742188,48.52539002150297,-68.5077825859189,60.79440559638502
457000,-112.98149108886719,47.093707298859954,-65.88778379000723,59.00074046381984
458000,-114.27079010009766,44.77012479584664,-69.50066530425102,56.08967025784606
459000,-111.14864349365234,46.34898468852043,-64.79965880513191,58.067724399245876
460000,-117.00719451904297,41.330037468113005,-75.67715705092996,51.779801461396445
461000,-116.36725616455078,40.913379203528166,-75.45387696102262,51.257796557962756
462000,-120.32373046875,46.291601344011724,-74.03212912473828,57.99583242024285
463000,-116.80855560302734,44.57968316972256,-72.22887243330479,55.851077936261575
464000,-103.54737854003906,47.739931147545576,-55.807447392493486,59.81035363221769
465000,-106.90506744384766,45.048347894102335,-61.85671954974532,56.43823845841372
466000,-113.07245635986328,53.11511064320803,-59.957345716655254,66.5445775563916
467000,-114.40507507324219,51.15772336535156,-63.24735170789063,64.09229028932423
468000,-116.78135681152344,43.99229194223881,-72.78906486928463,55.11517245437712
469000,-121.32979583740234,45.78109721466899,-75.54869862273335,57.356253942169026
470000,-121.1173324584961,49.71792124118656,-71.39941121730953,62.2884528698571
471000,-118.70719909667969,46.352162912487984,-72.3550361841917,58.07170619592744
472000,-120.59134674072266,44.58214736357331,-76.00919937714934,55.854165169571075
473000,-109.07414245605469,45.80897945910692,-63.265162996947765,57.39118585052764
474000,-111.98596954345703,48.003860142081976,-63.982109401375055,60.14101365031094
475000,-118.73188018798828,58.16187389008701,-60.57000629790127,72.86734944227922
476000,-115.6998519897461,48.69326484762132,-67.00658714212477,61.00472539523547
477000,-114.75398254394531,50.178315095603466,-64.57566744834185,62.86525133983543
478000,-123.81251525878906,48.99988799635321,-74.81262726243585,61.38887423074171
479000,-117.56454467773438,39.32792109809816,-78.23662357963622,49.27147593127895
480000,-114.67923736572266,40.24474285822362,-74.43449450749904,50.42010418382797
481000,-112.6881332397461,41.20881477650255,-71.47931846324354,51.62792918426512
482000,-118.37142181396484,51.34061488136649,-67.03080693259835,64.3214235533706
483000,-109.55545806884766,51.19589174538851,-58.35956632345915,64.14010904927432
484000,-116.65030670166016,49.40792293846607,-67.24238376319408,61.90007551644626
485000,-108.34368133544922,49.009282978251576,-59.33439835719764,61.40064461197609
486000,-112.88875579833984,54.88698882050812,-58.00176697783172,68.76445215256553
487000,-110.40856170654297,48.40531823411584,-62.00324347242713,60.64397521468461
488000,-103.9458999633789,44.66546428203583,-59.28043568134308,55.95854769038763
489000,-110.91455841064453,50.228589065372944,-60.68596934527159,62.928236430892944
490000,-109.2787094116211,49.881878945976496,-59.3968304656446,62.493865154049665
491000,-114.1940689086914,47.65621541067958,-66.53785349801183,59.70547145693633
492000,-115.23685455322266,49.90288138343021,-65.33397316979244,62.52017778544754
493000,-114.26432800292969,49.248004937544465,-65.01632306538522,61.69972432285702
494000,-110.95548248291016,50.42733456939459,-60.52814791351557,63.17723215821417
495000,-108.89104461669922,48.36351067945361,-60.52753393724561,60.591597161999154
496000,-109.62639617919922,49.1261032987386,-60.50029288046062,61.54700143553672
497000,-104.17288970947266,50.673421604558825,-53.49946810491383,63.48553910888796
498000,-115.71781921386719,50.62452583760023,-65.09329337626696,63.4242806813491
499000,-116.07791137695312,48.60671984869987,-67.47119152825326,60.89629861567865
500000,-114.58110809326172,48.07399833574891,-66.50710975751281,60.22888537667308
501000,-121.066162109375,49.005627546459436,-72.06053456291556,61.396064951660065
502000,-115.2119140625,47.08335533738136,-68.12855872511864,58.98777114312878
503000,-111.01641845703125,43.02632151916623,-67.99009693786502,53.90496893682965
504000,-111.9752197265625,43.94652015948668,-68.02869956707582,55.05782786993855
505000,-109.15882110595703,46.852966111153364,-62.30585499480367,58.699130988806765
506000,-115.15910339355469,53.787742594257,-61.37136079929769,67.38727577336705
507000,-118.3167724609375,54.35714881122112,-63.95962364971638,68.10064896805711
508000,-115.28573608398438,51.51575904991478,-63.7699770340696,64.54085065361332
509000,-116.38334655761719,43.49683768302202,-72.88650887459517,54.49444901091928
510000,-116.64103698730469,48.03591997176409,-68.6051170155406,60.18117939216652
511000,-116.50408935546875,50.44329326786101,-66.06079608760774,63.19722580663055
512000,-111.3883056640625,54.51879504695535,-56.86951061710715,68.30316535821905
513000,-106.62857055664062,40.97016282379627,-65.65840773284435,51.32893718022835
514000,-114.336669921875,49.620958022773266,-64.71571189910173,62.16697375911659
515000,-115.1650619506836,49.70410534366965,-65.46095660701394,62.27114380182182
516000,-118.75127410888672,50.110439859330654,-68.64083424955606,62.78021473029779
517000,-114.4056625366211,46.35926453024149,-68.0463980063796,58.080603365633976
518000,-110.60286712646484,46.57686066068709,-64.02600646577775,58.35321585580978
519000,-115.89024353027344,51.168390452861786,-64.72185307741165,64.10565441157736
520000,-119.40021514892578,49.505759708583355,-69.89445544034243,62.02264904511063
521000,-110.39093780517578,43.45225450210273,-66.93868330307305,54.43859355087283
522000,-110.04334259033203,46.303406555205584,-63.73993603512645,58.010622425993496
523000,-115.00840759277344,50.13195858336985,-64.87644900940359,62.80717418464893
524000,-119.37994384765625,48.102641716599464,-71.27730213105679,60.26477086491559
525000,-113.47443389892578,46.19319525361061,-67.28123864531517,57.872545626044
526000,-110.89628601074219,48.05848790332675,-62.83779810741544,60.20945333255698
527000,-111.98370361328125,47.166064178571105,-64.81763943471014,59.09139184221988
528000,-113.71702575683594,42.96550565538928,-70.75152010144666,53.82877657057536
529000,-107.14791870117188,43.903789192438126,-63.24412950873375,55.00429293201998
530000,-111.95165252685547,43.447500575333834,-68.50415195152164,54.43263765537079
531000,-111.11380004882812,49.21798184327781,-61.89581820555031,61.66211027855369
532000,-118.0948715209961,56.5921998815611,-61.50267163943499,70.90080371670872
533000,-121.2042465209961,58.44014967046678,-62.76409685052931,73.21598364496283
534000,-110.42658233642578,48.14089405722916,-62.28568827919662,60.31269481380549
535000,-105.44400024414062,42.39625884126872,-63.04774140287191,53.11560308167068
536000,-112.51213073730469,40.09511071071029,-72.4170200265944,50.23263948829121
537000,-110.08204650878906,44.31825206428766,-65.7637944445014,55.523547366135766
538000,-121.48190307617188,49.761245884001255,-71.72065719217062,62.342731586760316
539000,-119.79914855957031,53.602190636098385,-66.19695792347193,67.15480940888241
540000,-119.30580139160156,52.34472522884607,-66.96107616275549,65.5794101806012
541000,-103.711181640625,42.81736459583044,-60.89381704479456,53.6431799652455
542000,-114.81221008300781,54.22884070657892,-60.58336937642889,67.93989982309475
543000,-107.28848266601562,51.12554546073079,-56.162937205284834,64.05197661881299
544000,-99.86676025390625,46.06911564618349,-53.79764460772276,57.717094098981114
545000,-109.09737396240234,44.228899862617254,-64.86847409978509,55.41160361901959
546000,-106.67552947998047,52.72490236163139,-53.950627118349075,66.0557101711583
547000,-107.13334655761719,51.00857079401612,-56.124775763601065,63.90542642458265
548000,-103.70906829833984,47.75665337219834,-55.9524149261415,59.831303854515
549000,-107.84750366210938,54.490277364850044,-53.35722629725933,68.26743735001942
550000,-97.85084533691406,50.37230445444584,-47.478540882468224,63.10828839234793
551000,-104.5871810913086,51.883112609386444,-52.70406848192215,65.00108479664442
552000,-111.47880554199219,59.72132432088256,-51.75748122110963,74.8210866910727
553000,-106.2386474609375,52.91721745021641,-53.32143001072109,66.29664963589133
554000,-110.01805877685547,48.670154405757785,-61.347904371097684,60.975771777849985
555000,-112.8372802734375,46.30147670209408,-66.53580357134342,58.00820463454967
556000,-109.21968078613281,47.89435635693371,-61.3253244291991,60.003823253166416
557000,-111.69818878173828,51.79741110652685,-59.90077767521143,64.89371478019
558000,-120.33013916015625,49.548619424924254,-70.781519735232,62.07634528491045
559000,-109.19747161865234,46.614419747143984,-62.58305187150836,58.40027127019961
560000,-117.66938781738281,59.21865285933018,-58.450734958052635,74.1913212692636
561000,-111.49421691894531,49.22379540465772,-62.27042151428759,61.66939372353648
562000,-117.25638580322266,47.04568165540695,-70.2107041478157,58.94057215923094
563000,-110.0956039428711,46.757894882932305,-63.33770905993879,58.5800222334427
564000,-117.49861145019531,51.28281223773956,-66.21579921245575,64.24900626090489
565000,-109.72640991210938,49.44003704749048,-60.2863728646189,61.940309261471924
566000,-116.28606414794922,53.2711741598323,-63.01488998811692,66.74009970931505
567000,-117.20976257324219,57.691369242966175,-59.51839333027601,72.27788379678162
568000,-121.65959930419922,50.75766146555543,-70.90193783864379,63.59107792628936
569000,-114.4820556640625,47.386422648560256,-67.09563301550224,59.36746509366995
570000,-112.10948181152344,45.29904308542609,-66.81043872609735,56.752318677772
571000,-114.3049087524414,47.32328671216965,-66.98162204027176,59.28836605452905
572000,-112.47981262207031,50.192294001579285,-62.28751862049103,62.88276463090452
573000,-109.31768035888672,48.988811722025275,-60.32886863686144,61.37499746409047
574000,-104.51331329345703,52.77256494387984,-51.74074834957719,66.11542361922537
575000,-113.13478088378906,53.19090959429741,-59.94387128949165,66.63954128928003
576000,-118.3265151977539,50.718415670096874,-67.60809952765703,63.54190934040055
577000,-123.2887954711914,48.27142061293125,-75.01737485826015,60.47622331640868
578000,-124.5281982421875,40.59656714275479,-83.9316310994327,50.86088267613825
579000,-121.84071350097656,39.94618391431868,-81.89452958665788,50.046058482760095
580000,-118.41378784179688,43.59028244763613,-74.82350539416075,54.61152007244586
581000,-126.0765380859375,46.73318104445934,-79.34335704147816,58.54905982140844
582000,-113.84888458251953,39.94989729486406,-73.89898728765547,50.05071074342012
583000,-116.33038330078125,46.12372221425176,-70.2066610865295,57.785507229630824
584000,-118.013916015625,50.43185844551772,-67.58205757010728,63.182899837748025
585000,-119.75907897949219,59.405645217746496,-60.35343376174569,74.42559222053156
586000,-105.61021423339844,44.15614403784275,-61.45407019555569,55.32045242747058
587000,-112.27348327636719,42.019701175391674,-70.25378210097551,52.64383769329126
588000,-118.20531463623047,50.90517581999302,-67.30013881623745,63.775889372235355
589000,-107.26166534423828,47.90683940052986,-59.35482594370842,60.019462472451934
590000,-114.83490753173828,43.84460668452084,-70.99030084721744,54.93014689447262
591000,-115.58728790283203,41.93735374510288,-73.64993415772915,52.54066978316054
592000,-117.63338470458984,45.833272717893124,-71.80011198669672,57.42162134475554
593000,-120.12091827392578,48.12219585478306,-71.99872241914272,60.28926901335488
594000,-114.68829345703125,46.26050007343292,-68.42779338359833,57.95686759672896
595000,-116.54360961914062,48.527751572430134,-68.01585804671049,60.79736423483881
596000,-116.43051147460938,47.75892839580774,-68.67158307880163,59.83415408834084
597000,-118.64939880371094,42.36712685087696,-76.28227195283398,53.0791054453009
598000,-125.61475372314453,44.25942640006542,-81.35532732307911,55.449848395584084
599000,-116.63806915283203,41.28251104801893,-75.3555581048131,51.720258602318694
600000,-117.1845932006836,47.194274079054594,-69.990319121629,59.12673425020602
601000,-116.82405853271484,47.076289135962725,-69.74776939675212,58.978918344318096
602000,-115.38523864746094,43.8131670486182,-71.57207159884274,54.89075815435078
603000,-106.8475570678711,46.69118048995733,-60.15637657791376,58.496439971376596
604000,-102.21684265136719,39.08066324517131,-63.13617940619588,48.96170213675478
605000,-117.7859115600586,54.353459514677525,-63.43245204538107,68.09602688072638
606000,-109.91397094726562,46.208711561746895,-63.70525938551873,57.89198503147233
607000,-117.3662338256836,40.374706582631916,-76.99152724305168,50.5829275505437
608000,-113.0119857788086,39.39814183302224,-73.61384394578636,49.35945106838468
609000,-117.78974151611328,47.72223955206573,-70.06750196404755,59.78818894625077
610000,-112.21340942382812,41.599055372178555,-70.61435405164957,52.116837053798754
611000,-124.60536193847656,46.64499484747648,-77.96036709100008,58.438576888143956
612000,-117.8992919921875,45.625191785395145,-72.27410020679235,57.16092984693244
613000,-114.72269439697266,42.94502498023212,-71.77766941674054,53.80311762230435
614000,-129.0362091064453,48.00630812346935,-81.02990098297596,60.14408057204595
615000,-118.37876892089844,48.47113998606801,-69.90762893483043,60.72643914302133
616000,-108.5871353149414,41.212347054854035,-67.37478826008737,51.63235455339011
617000,-114.48878479003906,49.60499729216099,-64.88378749787807,62.14697756475262
618000,-111.68584442138672,52.21728900633752,-59.468555415049195,65.41975336186316
619000,-107.4370346069336,49.8832428380847,-57.553791768848896,62.49557388859005
620000,-116.00179290771484,43.51432390511036,-72.48746900260448,54.516356397496
621000,-113.23233032226562,46.83861780911684,-66.39371251314878,58.68115490467347
622000,-109.1956558227539,47.551886044442654,-61.64376977831125,59.57476376342143
623000,-111.3346176147461,53.16267462819815,-58.17194298654795,66.60416747816221
624000,-117.93445587158203,54.89702671021223,-63.0374291613698,68.77702799250689
625000,-112.14434814453125,49.52024736255407,-62.62410078197718,62.04079971450753
626000,-108.67791748046875,50.17386422306299,-58.50405325740576,62.859675121893375
627000,-118.54070281982422,48.90847372729331,-69.6322290925309,61.27434704923814
628000,-119.07400512695312,53.496239211410284,-65.57776591554284,67.02206954047232
629000,-118.2001724243164,50.4285508710891,-67.7716215532273,63.17875598601877
630000,-120.25481414794922,43.534934885799885,-76.71987926214933,54.54217859736338
631000,-119.55618286132812,42.103024534881115,-77.45315832644701,52.74822828366487
632000,-119.82318878173828,52.53871973603964,-67.28446904569864,65.82245368315874
633000,-109.66873168945312,52.180792324244976,-57.48793936520815,65.37402896700362
634000,-109.87028503417969,49.070219088345766,-60.80006594583392,61.47698762726954
635000,-105.01974487304688,44.551826948300004,-60.46791792474687,55.8161786305003
636000,-112.2467041015625,60.17589456215501,-52.07080953940749,75.39058912284538
637000,-111.68997955322266,52.25020591728389,-59.439773635938764,65.46099288686578
638000,-116.38414764404297,50.45391358435154,-65.93023405969143,63.210531332418206
639000,-109.05010223388672,57.079418905079365,-51.970683328807354,71.5112097519187
640000,-107.03885650634766,52.18124029785395,-54.85761620849371,65.37459020493016
641000,-108.65201568603516,50.466644844433176,-58.18537084160198,63.22648152650863
642000,-104.1337890625,44.717034462839365,-59.416754599660635,56.023156722629516
643000,-103.37224578857422,50.7269419580698,-52.64530383050442,63.552591389715936
644000,-107.81175994873047,62.72146192751825,-45.09029802121222,78.57977018484688
645000,-103.37364959716797,58.309475772082806,-45.06417382508516,73.05227054599142
646000,-106.33145904541016,48.99190470576286,-57.33955433964729,61.378872468655345
647000,-114.03125,56.45384757593274,-57.57740242406726,70.72747082479712
648000,-105.9628677368164,50.79494940396398,-55.16791833285242,63.637793636363156
649000,-111.80474853515625,44.60322602838278,-67.20152250677347,55.88057330142306
650000,-111.96856689453125,51.700882663950324,-60.267684230580926,64.77278037271827
651000,-110.04792022705078,54.49082033522427,-55.55709989182651,68.26811760341137
652000,-110.51387786865234,48.296171586960554,-62.21770628169179,60.50723225324312
653000,-109.20940399169922,43.75127274543047,-65.45813124626875,54.81321467926623
654000,-117.42440032958984,47.953898690640926,-69.47050163894892,60.07842009378836
655000,-116.98973846435547,52.74595957249403,-64.24377889186144,66.08209142471122
656000,-118.96443176269531,53.40874867141247,-65.55568309128284,66.91245815204005
657000,-114.88115692138672,45.304667718708515,-69.5764892026782,56.75936542663793
658000,-115.65408325195312,46.70601254235953,-68.9480707095936,58.51502211588211
659000,-115.71543884277344,48.60118740191683,-67.1142514408566,60.889367361472985
660000,-111.02950286865234,46.84803180396557,-64.18147106468678,58.69294910603614
661000,-113.5569839477539,45.15220412798226,-68.40477981977165,56.56835339419087
662000,-119.2837142944336,57.88404405210167,-61.39967024233192,72.51927393274134
663000,-114.7349853515625,48.793813032330945,-65.94117231923155,61.13069588450939
664000,-114.09766387939453,50.173300759866834,-63.9243631195277,62.85896919433523
665000,-111.35653686523438,48.390514224767685,-62.96602264046669,60.62542820355568
666000,-109.8920669555664,46.297483468893915,-63.59458348667249,58.00320176412031
667000,-108.52783203125,52.5069805663079,-56.0208514649421,65.78268967596355
668000,-112.2474365234375,51.533562812022865,-60.713873711414635,64.56315586608582
669000,-115.9529800415039,57.85959006473422,-58.093389976769686,72.48863707179478
670000,-113.37483978271484,52.0469964183867,-61.327843364328146,65.20640450145518
671000,-116.94054412841797,57.523617431521416,-59.41692669689655,72.06771811526968
672000,-111.79472351074219,52.13959524035454,-59.65512827038765,65.32241573470783
673000,-117.6291275024414,50.41175052896142,-67.21737697347999,63.15770789525606
674000,-112.40001678466797,51.4832574930042,-60.916759291663766,64.50013149952801
675000,-112.66797637939453,55.506295561790466,-57.161680817604065,69.54034257202244
676000,-108.44615173339844,51.39233399485238,-57.05381773854606,64.38621917399215
677000,-112.51078796386719,46.446630015969276,-66.06415794789791,58.19005808144578
678000,-113.84456634521484,50.123058373108506,-63.72150797210634,62.79602367164365
679000,-109.3746337890625,46.25360970944166,-63.12102407962084,57.94823509355885
680000,-117.87357330322266,48.42813301086426,-69.4454402923584,60.672558411864884
681000,-115.3160400390625,45.11211858689785,-70.20392145216465,56.51813274388479
682000,-123.0345687866211,49.870238084346056,-73.16433070227504,62.479281051518214
683000,-121.22866821289062,39.93810243578628,-81.29056577710435,50.03593370718386
684000,-119.64892578125,36.374792956747115,-83.27413282450289,45.57168763645355
685000,-119.5404052734375,38.46721900999546,-81.07318626344204,48.193156482046625
686000,-122.67459869384766,41.212578477337956,-81.4620202165097,51.63264448804793
687000,-112.0429458618164,32.671871706843376,-79.37107415497303,40.932530769123574
688000,-118.47911834716797,39.56855745613575,-78.91056089103222,49.57295407180067
689000,-124.56278228759766,48.63564249500632,-75.92713979259133,60.932533978026
690000,-118.89368438720703,40.67686849832535,-78.21681588888168,50.96148718809235
691000,-123.893310546875,48.45404840633273,-75.43926214054227,60.705026178998814
692000,-115.83323669433594,40.8577861264348,-74.97545056790113,51.18814749227431
693000,-115.49616241455078,45.071085665374994,-70.42507674917579,56.46672518028232
694000,-113.3304443359375,50.501808727160096,-62.828635608777404,63.27053614096709
695000,-117.0186538696289,56.415646221488714,-60.60300764814019,70.67961075328873
696000,-117.50813293457031,46.073777101933956,-71.43435583263636,57.72293414336691
697000,-111.51294708251953,37.03944497182965,-74.47350211068988,46.4043882941397
698000,-117.38999938964844,47.37372434232384,-70.0162750473246,59.351556185377156
699000,-118.47407531738281,51.11038279533386,-67.36369252204895,64.0329802701045
700000,-117.19739532470703,50.577197663486004,-66.62019766122103,63.36498619217629
701000,-112.81180572509766,46.487493727356195,-66.32431199774146,58.241253652323806
702000,-110.0024642944336,60.162943586707115,-49.83952070772648,75.3743636612077
703000,-113.17792510986328,57.13712317124009,-56.04080193862319,71.58350379345165
704000,-103.56391143798828,47.26992550492287,-56.293985933065414,59.22151315803433
705000,-108.99154663085938,49.677296571433544,-59.31425005942583,62.23755677919014
706000,-114.12173461914062,56.366180781275034,-57.75555383786559,70.61763861799993
707000,-111.10138702392578,52.53862565383315,-58.56276137009263,65.82233581348643
708000,-112.636474609375,51.098983615636826,-61.537490993738174,64.01869895564911
709000,-110.29544067382812,44.62358798459172,-65.6718526892364,55.90608351419939
710000,-111.6281509399414,45.23917942214757,-66.38897151779383,56.67731926356375
711000,-117.13945770263672,41.78170757368207,-75.35775012895465,52.34567049576299
712000,-117.41130828857422,53.04228451335803,-64.36902377521619,66.45333828404048
713000,-111.27703857421875,46.68222275748849,-64.59481581673026,58.48521739241961
714000,-108.72926330566406,48.402108144946396,-60.327155160717666,60.63995349609809
715000,-114.22997283935547,50.28648569434881,-63.94348714500666,63.00077147168423
716000,-105.60555267333984,49.48804966639727,-56.11750300694257,62.00046124842702
717000,-112.3145523071289,53.151618491858244,-59.16293381527066,66.59031594112813
718000,-115.17684173583984,46.36463835462928,-68.81220338121057,58.08733589182882
719000,-107.59675598144531,46.72281291335821,-60.8739430680871,58.53607024281547
720000,-117.5776138305664,49.89626329019666,-67.68135054036975,62.51188639316532
721000,-118.74636840820312,50.40244473516941,-68.34392367303371,63.14604925218412
722000,-118.85621643066406,47.74761234037578,-71.10860409028828,59.819976915042965
723000,-112.3445816040039,43.6731963660568,-68.6713852379471,54.715397699886225
724000,-109.48191833496094,50.88650381565094,-58.59541451931,63.752496393739634
725000,-114.26222229003906,53.556251890957355,-60.70597039908171,67.09725564778013
726000,-116.77013397216797,52.429047867655754,-64.34108610451221,65.68505270511221
727000,-119.36727905273438,48.54196931049228,-70.8253097422421,60.81517674359
728000,-111.86077880859375,39.38849564641714,-72.47228316217661,49.34736596859118
729000,-120.81291198730469,44.94567309948616,-75.86723888781853,56.30960367349689
730000,-120.33073425292969,50.98352496698499,-69.3472092859447,63.874048084988615
731000,-122.11736297607422,50.8690290004015,-71.24833397567272,63.730603298073106
732000,-115.68010711669922,47.06390203535557,-68.61620508134365,58.963399325962115
733000,-118.7171630859375,52.29496726766229,-66.42219581827521,65.5170715642085
734000,-109.93379211425781,44.25124071538448,-65.68255139887333,55.43959306668602
735000,-125.87210083007812,49.33376341499388,-76.53833741508424,61.807165719187445
736000,-121.08921813964844,45.79409436509013,-75.2951237745583,57.37253725352314
737000,-114.85323333740234,45.55783853214234,-69.29539480526,57.076547197052186
738000,-114.40390014648438,45.720860581845045,-68.68303956463933,57.28078725790257
739000,-111.987548828125,50.68206652998924,-61.30548229813576,63.496369791603435
740000,-107.22277069091797,40.380968030542135,-66.84180266037583,50.590772124357656
741000,-104.60503387451172,50.21848781593144,-54.38654605858028,62.91558121152624
742000,-112.95779418945312,55.03606176376343,-57.9217324256897,68.95121625629953
743000,-112.94297790527344,48.41722960025072,-64.52574830502272,60.658898215276466
744000,-119.50724029541016,52.076489467173815,-67.43075082823634,65.24335448515328
745000,-109.87318420410156,49.55016728490591,-60.32301691919565,62.07828450121535
746000,-111.09774017333984,54.28748355433345,-56.810256619006395,68.01336975440569
747000,-105.6111831665039,50.088369872421026,-55.52281329408288,62.75256463340839
748000,-110.5675048828125,53.21059073135257,-57.35691415145993,66.6641985466086
749000,-107.47937774658203,49.92430154979229,-57.55507619678974,62.54701376309102
750000,-107.88838195800781,54.573630360886455,-53.31475159712136,68.37186507015657
751000,-112.02532196044922,58.542870204895735,-53.482451755553484,73.34467573441094
752000,-109.92056274414062,47.80495062470436,-62.115612119436264,59.89181244098367
753000,-120.09927368164062,55.48306583985686,-64.61620784178376,69.51123951614804
754000,-117.50411224365234,52.1385837867856,-65.36552845686674,65.32114854822083
755000,-117.82648468017578,52.95845464617014,-64.86803003400564,66.34831312206542
756000,-118.61956024169922,53.4744618833065,-65.14509835839272,66.99478609737251
757000,-111.23785400390625,45.511849011294544,-65.7260049926117,57.018929822264155
758000,-118.57164001464844,56.545591197907925,-62.02604881674051,70.84241063182947
759000,-111.24118041992188,48.78071727603674,-62.460463143885136,61.114289036065955
760000,-123.51436614990234,57.63301256299019,-65.88135358691216,72.20477238706091
761000,-121.26053619384766,56.21076918812469,-65.04976700572297,70.42293321894645
762000,-115.68502807617188,48.89845493622124,-66.78657313995063,61.26179513677023
763000,-117.90056610107422,41.239465579390526,-76.6611005216837,51.66632964517436
764000,-115.16756439208984,42.51581020653248,-72.65175418555737,53.26538145926282
765000,-114.15438079833984,44.45224692672491,-69.70213387161493,55.69142109185403
766000,-120.15807342529297,49.33721770346165,-70.82085572183132,61.811493379698014
767000,-116.2547378540039,51.13936191610992,-65.11537593789399,64.0692863857587
768000,-111.91996002197266,49.96853224700317,-61.95142777496949,62.602427618494495
769000,-120.57644653320312,46.077466174960136,-74.49898035824299,57.72755595066674
770000,-116.73973083496094,42.10265542939305,-74.63707540556788,52.74776585464083
771000,-121.52960205078125,46.01305749826133,-75.51654455251992,57.646862375336
772000,-120.8248062133789,46.83095022989437,-73.99385598348454,58.671548677480104
773000,-123.30807495117188,45.1153619736433,-78.19271297752857,56.522196178907606
774000,-124.84905242919922,45.79464163258672,-79.0544107966125,57.373222890509105
775000,-125.1949234008789,42.565823547542095,-82.62909985333681,53.32804002495846
776000,-120.12943267822266,43.784245274960995,-76.34518740326166,54.85452388529073
777000,-108.71623229980469,39.84430485218763,-68.87192744761705,49.91842062096796
778000,-110.79102325439453,42.14519786462188,-68.64582538977265,52.80106459291399
779000,-117.18165588378906,47.06044364813715,-70.12121223565191,58.959066530384945
780000,-114.85624694824219,46.15105741424486,-68.70518953399733,57.81975378045097
781000,-112.51606750488281,38.65530851483345,-73.86075899004936,48.42880197898084
782000,-113.6898193359375,45.677629087120295,-68.0121902488172,57.22662524037587
783000,-123.34059143066406,53.455745957791805,-69.88484547287226,66.97133809280525
784000,-115.22612762451172,47.0786454603076,-68.14748216420412,58.98187043471603
785000,-122.46929931640625,40.893561877310276,-81.57573743909597,51.232968677807804
786000,-117.56815338134766,43.98675132356584,-73.58140205778182,55.10823096212512
787000,-119.8266830444336,46.44820366054773,-73.37847938388586,58.192029601648386
788000,-112.0279769897461,51.00243907421827,-61.02553791552782,63.897744378951934
789000,-107.64789581298828,42.33354551717639,-65.31435029581189,53.03703350686712
790000,-114.343017578125,44.43932247906923,-69.90369509905577,55.675228865216795
791000,-120.7973861694336,59.129645593464375,-61.66774057596922,74.07980967049697
792000,-105.3741455078125,47.92048469930887,-57.45366080850363,60.036557808070825
793000,-111.46472930908203,44.16521576792002,-67.29951354116201,55.33181782685292
794000,-120.22460174560547,59.55646429210901,-60.668137453496456,74.61454394197888
795000,-104.38522338867188,42.561314046382904,-61.82390934228897,53.322390354911754
796000,-118.41694641113281,52.91666281223297,-65.50028359889984,66.29595476488649
797000,-110.381591796875,44.998453967273235,-65.38313782960176,56.37572949922554
798000,-114.51644134521484,45.902251202613115,-68.61419014260173,57.50804014480296
799000,-110.2688980102539,48.597838236019015,-61.67105977423489,60.88517140241091
800000,-116.09576416015625,53.66809030249715,-62.4276738576591,67.23737095132314
801000,-115.99524688720703,53.72371880710125,-62.27152808010578,67.30706440190897
802000,-101.22972869873047,46.44731729850173,-54.78241140022874,58.19091913445367
803000,-106.84491729736328,52.7337456792593,-54.11117161810398,66.06678940696558
804000,-109.34027862548828,63.63628952408908,-45.7039891013992,79.7259000754474
805000,-107.91307067871094,59.59726685658097,-48.315803822129965,74.66566290573748
806000,-103.35848236083984,52.347904060035944,-51.0105783008039,65.58339273803338
807000,-113.90658569335938,53.64907689392567,-60.25750879943371,67.21355024896604
808000,-105.49223327636719,56.68807577341795,-48.80415750294924,71.02092058447377
809000,-111.99588775634766,54.76452386006713,-57.23136389628053,68.61102351503996
810000,-104.89947509765625,50.821285258978605,-54.078189838677645,63.67078817078682
811000,-109.35227966308594,50.27371823042631,-59.078561432659626,62.98477592008128
812000,-111.55825805664062,57.07600644975901,-54.48225160688162,71.50693450152436
813000,-110.58401489257812,49.388998348265886,-61.19501654431224,61.87636608903381
814000,-121.0617904663086,52.1931293848902,-68.8686610814184,65.3894852934422
815000,-114.14694213867188,50.569863414391875,-63.57707872428,63.355797573311484
816000,-104.34075164794922,46.9047753252089,-57.435976322740316,58.76403949075856
817000,-110.09207153320312,53.98704621940851,-56.10502531379461,67.63697073550796
818000,-119.52690887451172,51.1945093087852,-68.33239956572652,64.13837708150373
819000,-121.7044448852539,52.940784491598606,-68.7636603936553,66.32617529806244
820000,-114.0354232788086,45.246812738478184,-68.78861054033041,56.686882564937385
821000,-116.82131958007812,47.518027909100056,-69.30329167097807,59.532345037640084
822000,-108.83781433105469,42.377264112234116,-66.46055021882057,53.091805781729114
823000,-119.29947662353516,46.87024397030473,-72.42923265323043,58.720777330580006
824000,-116.92953491210938,53.4075111374259,-63.522023774683475,66.91090772363368
825000,-109.57392120361328,50.51284795207903,-59.06107325153425,63.28436649074674
826000,-111.09270477294922,45.17644250392914,-65.91626226902008,56.59872012916527
827000,-112.88585662841797,43.08459276147187,-69.8012638669461,53.97797330707302
828000,-116.24555969238281,46.414825811982155,-69.83073388040066,58.150212596927126
829000,-119.13017272949219,48.73375469446182,-70.39641803503036,61.05545257476491
830000,-118.02507781982422,53.167459569871426,-64.8576182499528,66.610162230285
831000,-111.1399154663086,45.760272428393364,-65.37964303791523,57.330163878745786
832000,-119.89756774902344,45.9371491111815,-73.96041863784194,57.55176153698614
833000,-124.0873031616211,46.72282386571169,-77.3644792959094,58.53608396432949
834000,-119.8043441772461,51.949031757190824,-67.85531242005527,65.08367074611154
835000,-120.05953979492188,52.07777716778219,-67.98176262713969,65.24496776416116
836000,-109.4012222290039,45.58234363794327,-63.81887859106064,57.107248101065196
837000,-112.87740325927734,52.96509420312941,-59.91230905614793,66.35663140489805
838000,-117.06187438964844,58.7686018217355,-58.293272567912936,73.6274806632122
839000,-104.29544067382812,55.509251691401005,-48.78618898242712,69.54404612066901
840000,-110.92704772949219,57.91243189945817,-53.01461583003402,72.55483927915967
841000,-107.459228515625,55.534895670600235,-51.924332845024765,69.57617384744981
842000,-113.23979949951172,50.041535126045346,-63.19826437346637,62.6938883287789
843000,-114.11994934082031,52.61591853760183,-61.504030803218484,65.91917120055834
844000,-115.96786499023438,56.86894824355841,-59.09891674667597,71.2475243130799
845000,-121.48676300048828,55.16930659394711,-66.31745640654117,69.11815031383557
846000,-114.42865753173828,43.75621616328135,-70.67244136845693,54.81940797621296
847000,-111.73522186279297,39.08781997580081,-72.64740188699216,48.97066835391329
848000,-123.78902435302734,46.514364472124726,-77.27465988090262,58.27491831643905
849000,-120.6839599609375,44.11617735773325,-76.56778260320425,55.27038069059548
850000,-118.5721206665039,48.959166802465916,-69.61295386403799,61.33785721106488
851000,-119.37677001953125,40.12561103142798,-79.25115898810327,50.27085141956491
852000,-116.37618255615234,42.893110293895006,-73.48307226225734,53.738076980772384
853000,-117.4118881225586,55.51471836492419,-61.8971697576344,69.55089497169905
854000,-116.13030242919922,57.73310052789748,-58.39720190130174,72.33016629592376
855000,-118.5232162475586,47.82459979504347,-70.69861645251513,59.916429649226586
856000,-118.17359924316406,43.97510185930878,-74.19849738385528,55.09363608190447
857000,-115.37825012207031,47.17253854870796,-68.20571157336235,59.09950317288423
858000,-105.60107421875,40.008822951465845,-65.59225126728415,50.12453498812779
859000,-114.73137664794922,52.741607112810016,-61.9897695351392,66.07663850204014
860000,-111.91255950927734,47.63656936120242,-64.27599014807492,59.68085815862483
861000,-121.17485809326172,50.720829375088215,-70.4540287181735,63.54493331939729
862000,-111.64561462402344,49.2670906977728,-62.37852392625064,61.72363567004914
863000,-113.55349731445312,45.320839347317815,-68.23265796713531,56.77962584182248
864000,-124.48994445800781,44.627652037888765,-79.86229242011905,55.9111751106687
865000,-111.07638549804688,41.935927994549274,-69.1404575034976,52.538883550069016
866000,-113.43547058105469,51.84325070306659,-61.5922198779881,64.95114432425295
867000,-115.13262176513672,54.283751767128706,-60.84886999800801,68.00869443320117
868000,-113.52112579345703,54.031648924574256,-59.489476868882775,67.69285065625337
869000,-112.67529296875,56.398090936243534,-56.277202032506466,70.6576168418316
870000,-110.86046600341797,46.35656731389463,-64.50389868952334,58.07722419311214
871000,-118.20254516601562,50.76085712388158,-67.44168804213405,63.595081565381
872000,-113.41014099121094,48.30959212779999,-65.10054886341095,60.52404600379213
873000,-114.99263000488281,43.81309624761343,-71.17953375726938,54.89066945223012
874000,-116.0112075805664,48.41610108315945,-67.59510649740696,60.65748436727362
875000,-107.7751693725586,48.490082547068596,-59.28508682549,60.75017108491801
876000,-110.90889739990234,52.82614490762353,-58.082752492278814,66.18255058196034
877000,-118.4737777709961,54.494393434375525,-63.97938433662057,68.27259411434598
878000,-110.87793731689453,43.41956013767049,-67.45837717922404,54.39763284038439
879000,-116.9046630859375,48.26153547130525,-68.64312761463225,60.463838844916076
880000,-115.47479248046875,43.385783195495605,-72.08900928497314,54.35531583641027
881000,-121.36865234375,41.57927032094449,-79.78938202280551,52.09204960893873
882000,-122.76950073242188,42.29666282236576,-80.47283791005611,52.99082550097966
883000,-119.30162811279297,44.00600531697273,-75.29562279582024,55.132353078073294
884000,-121.71621704101562,42.61826669611037,-79.09795034490526,53.393742743543484
885000,-119.1201171875,35.223418932408094,-83.8966982550919,44.129203621429845
886000,-123.36595153808594,41.87199794501066,-81.49395359307528,52.45878961656894
887000,-117.82701873779297,41.79554500174709,-76.03147373604588,52.36300653806625
888000,-111.74131774902344,35.89965782314539,-75.84165992587805,44.97642074601793
889000,-115.86717987060547,44.23657865077257,-71.6306012198329,55.42122388917912
890000,-116.04464721679688,49.812894294038415,-66.23175292275846,62.40743862748304
891000,-122.59913635253906,58.480922535061836,-64.11821381747723,73.2670653996158
892000,-116.94808197021484,52.32175155170262,-64.62633041851223,65.55062790712167
893000,-114.14886474609375,50.46430652588606,-63.68455822020769,63.223551994440896
894000,-110.03946685791016,43.56206502392888,-66.47740183398128,54.57616823908639
895000,-115.14703369140625,44.49343878403306,-70.65359490737319,55.74302777609398
896000,-112.16677856445312,39.321774928830564,-72.84500363562256,49.26377578281744
897000,-118.58768463134766,46.52300254628062,-72.06468208506703,58.28574041562408
898000,-118.15211486816406,54.873513512313366,-63.2786013558507,68.74756978744561
899000,-115.83480834960938,47.46555691980757,-68.3692514298018,59.46660743916478
900000,-117.10832977294922,52.23100846633315,-64.87732130661607,65.43694160940055
901000,-108.42928314208984,48.14065516740084,-60.28862797468901,60.31239552378207
902000,-119.13005828857422,42.31153221055865,-76.81852607801557,53.00945442114636
903000,-116.27381134033203,42.750613924115896,-73.52319741621614,53.55955225183099
904000,-115.75462341308594,49.92219230532646,-65.83243110775948,62.544371223515334
905000,-117.27064514160156,45.521544164046645,-71.74910097755492,57.03107626865992
906000,-123.56266021728516,48.6719890832901,-74.89067113399506,60.97807032980369
907000,-110.81796264648438,43.51279670745134,-67.30516593903303,54.51444306771406
908000,-105.98442840576172,52.469280349090695,-53.51514805667102,65.7354574477309
909000,-110.33378601074219,68.2023584395647,-42.13142757117748,85.44644030202699
910000,-102.68518829345703,60.47782549727708,-42.20736279617995,75.76885937938063
911000,-100.00799560546875,58.34133892133832,-41.66665668413043,73.09218987932516
912000,-106.94320678710938,64.41080265119672,-42.53240413591266,80.6962388026218
913000,-104.82929229736328,52.9769202247262,-51.85237207263708,66.37144748269213
914000,-111.15771484375,53.83702643401921,-57.32068840973079,67.44902039288527
915000,-105.04255676269531,53.28064006008208,-51.761916702613235,66.7519589396863
916000,-114.3614730834961,47.93851803056896,-66.42295505292714,60.059150633278286
917000,-117.70650482177734,48.37130866199732,-69.33519615978003,60.601366763302416
918000,-118.5468978881836,46.52067410387099,-72.0262237843126,58.28282325674713
919000,-115.2038345336914,44.70058746309951,-70.5032470705919,56.00255131229515
920000,-120.15137481689453,41.07080663368106,-79.08056818321347,51.455027472262884
921000,-113.53418731689453,44.42830759007484,-69.1058797268197,55.66142900438461
922000,-115.92037963867188,48.65535193681717,-67.2650277018547,60.95722669660067
923000,-109.74809265136719,48.66276037693024,-61.08533227443695,60.96650826472141
924000,-119.74310302734375,46.77748437970877,-72.96561864763498,58.60456468043652
925000,-122.4034194946289,45.13492991775274,-77.26848957687616,56.54671162392205
926000,-116.03514099121094,48.129293413832784,-67.90584757737815,60.29816109816702
927000,-115.71428680419922,54.58413252606988,-61.13015427812934,68.38502257161134
928000,-110.38754272460938,56.12282223859802,-54.264720486011356,70.31275002375483
929000,-113.08089447021484,49.467918291687965,-63.61297617852688,61.975239916692274
930000,-109.9654312133789,46.94162371195853,-63.02380750142038,58.81020451423672
931000,-115.40370178222656,48.29285817500204,-67.11084360722452,60.50308108804022
932000,-109.69410705566406,44.28898171894252,-65.40512533672154,55.48687639355687
933000,-108.48002624511719,46.635123148560524,-61.84490309655666,58.4262092581763
934000,-114.00586700439453,53.87114566331729,-60.13472134107724,67.49176622684281
935000,-111.58828735351562,47.95787841081619,-63.63040894269943,60.08340603459972
936000,-118.30455017089844,44.992882154881954,-73.31166801601648,56.36874892632809
937000,-119.79256439208984,46.12566884467378,-73.66689554741606,57.78794604031056
938000,-120.12918853759766,39.28990982705727,-80.83927871054038,49.22385400329713
939000,-124.3428726196289,42.211607648059726,-82.13126497156918,52.884265228871776
940000,-127.57304382324219,40.05972131714225,-87.51332250609994,50.18830234549994
941000,-117.8768310546875,36.57161119580269,-81.30521985888481,45.81826881485539
942000,-121.1874008178711,47.25415176525712,-73.93324905261397,59.201751232852764
943000,-120.53480529785156,46.64039431139827,-73.8944109864533,58.43281316617952
944000,-118.1142807006836,45.006895288825035,-73.10738541185856,56.38630509946208
945000,-117.58134460449219,43.377401139587164,-74.20394346490502,54.34481448636644
946000,-106.76788330078125,45.6023527411744,-61.16553055960685,57.132316246564166
947000,-110.86016845703125,49.539656195789576,-61.320512261241674,62.06511581952696
948000,-114.38072204589844,58.11147912219167,-56.26924292370677,72.80421301085624
949000,-108.41856384277344,50.96088302414864,-57.457680818624794,63.84568142053372
950000,-110.29035186767578,62.091210041195154,-48.19914182648063,77.79016728236564
951000,-114.78763580322266,56.24224102497101,-58.54539477825165,70.462362301603
952000,-114.86457061767578,53.13975779898465,-61.724812818691134,66.5754564258745
953000,-113.44847869873047,49.21451475424692,-64.23396394448355,61.65776658102361
954000,-117.03609466552734,50.82263933122158,-66.21345533430576,63.672484602636416
955000,-113.91941833496094,52.62258642911911,-61.29683190584183,65.9275249819745
956000,-114.7395248413086,47.107248686254025,-67.63227615505457,59.01770561540766
957000,-121.22021484375,45.66545322537422,-75.55476161837578,57.21137086988759
958000,-115.29524993896484,42.73453650996089,-72.56071342900395,53.53940987200371
959000,-119.42210388183594,46.75998491421342,-72.66211896762252,58.58264070202908
960000,-118.90918731689453,45.466374495998025,-73.4428128208965,56.96195766550229
961000,-118.03538513183594,55.75527546927333,-62.28010966256261,69.85227382026497
962000,-113.34745025634766,42.91623784787953,-70.43121240846813,53.76705203685672
963000,-115.60330200195312,49.243244506418705,-66.36005749553442,61.69376027845584
964000,-114.28174591064453,45.65237125009298,-68.62937466055155,57.19498128680753
965000,-118.99433135986328,55.68235118314624,-63.31198017671704,69.76091157409502
966000,-113.51981353759766,47.609010642860085,-65.91080289473757,59.6463315757395
967000,-110.55262756347656,47.64338312949985,-62.90924443397671,59.68939469987325
968000,-117.77857208251953,63.011667562648654,-54.76690451987088,78.94335055134485
969000,-120.54387664794922,52.95608997344971,-67.58778667449951,66.34535057251342
970000,-117.09012603759766,40.25440830551088,-76.83571773208678,50.43221341411734
971000,-122.99107360839844,41.328397961333394,-81.66267564706504,51.77774742658924
972000,-116.6037826538086,47.02359854802489,-69.5801841057837,58.912905624527795
973000,-110.32145690917969,42.12349635735154,-68.19796055182815,52.77387614096211
974000,-109.19232940673828,41.698291815817356,-67.49403759092093,52.241164145283165
975000,-115.91106414794922,38.953010592609644,-76.95805355533957,48.80177416643142
976000,-122.41497802734375,41.60379395261407,-80.81118407472968,52.122773722846034
977000,-123.88221740722656,45.20701704919338,-78.67520035803318,56.63702505169955
978000,-118.3592300415039,36.86294540390372,-81.49628463760018,46.18326309936391
979000,-114.4905776977539,39.04464489594102,-75.44593280181289,48.91657701501855
980000,-120.78272247314453,42.95614977180958,-77.82657270133495,53.81705517316248
981000,-124.37211608886719,40.151724465191364,-84.22039162367582,50.303567296408396
982000,-118.27655792236328,36.79307998716831,-81.48347793519497,46.09573311804298
983000,-124.3714828491211,40.146373979747295,-84.2251088693738,50.29686401010652
984000,-120.36837768554688,39.02036941237748,-81.3480082731694,48.886163790247835
985000,-119.6234359741211,43.05454296339303,-76.56889301072806,53.940325807244896
986000,-111.48545837402344,40.879663329571486,-70.60579504445195,51.21555606251386
987000,-113.72518157958984,39.30807355977595,-74.4171080198139,49.2466102002809
988000,-117.22994995117188,47.91277159843594,-69.31717835273594,60.02689454966801
989000,-121.059326171875,44.57210189849138,-76.48722427338362,55.841579838915834
990000,-115.11329650878906,43.875046983361244,-71.23824952542782,54.968283628115735
991000,-111.98716735839844,46.14976217970252,-65.83740517869592,57.818131062651595
992000,-112.62095642089844,46.51075314357877,-66.11020327731967,58.27039391030305
993000,-117.62176513671875,44.85463158041239,-72.76713355630636,56.195543486979496
994000,-107.57459259033203,45.48485400527716,-62.089738585054874,56.985109479054735
995000,-118.4704818725586,48.34801904857159,-70.12246282398701,60.5721886731488
996000,-118.67404174804688,49.327028300613165,-69.34701344743371,61.798727718478574
997000,-114.97054290771484,49.54683559760451,-65.42370731011033,62.074110439986136
998000,-107.8506851196289,43.98832845315337,-63.862356666475534,55.11020684847617
999000,-106.61759185791016,48.121350809931755,-58.4962410479784,60.28821030987173
1000000,-101.90562438964844,53.76388752646744,-48.141736863180995,67.3573892610467
