#"Step","Potential Energy (kJ/mole)","Kinetic Energy (kJ/mole)","Total Energy (kJ/mole)","Temperature (K)"
1000,38.114906311035156,370.80723176151514,408.9221380725503,57.1767423472197
2000,72.72589111328125,375.3006558646448,448.02654697792605,57.86960734605195
3000,102.07037353515625,378.8966831192374,480.9670566543937,58.42409794439513
4000,107.60345458984375,418.19244319968857,525.7958977895323,64.4833205188436
5000,115.92759704589844,401.0978081645444,517.0254052104428,61.84740768003247
6000,91.70714569091797,386.5887600015849,478.29590569250286,59.610180254407496
7000,96.48727416992188,371.95982334110886,468.44709751103073,57.354466582707076
8000,113.10750579833984,398.71438871417195,511.8218945125118,61.47989553855691
9000,91.65193176269531,416.4440862322226,508.09601799491793,64.21373204457117
10000,95.46440124511719,404.8597106160596,500.3241118611768,62.42747545860264
11000,116.62890625,392.32777731958777,508.95668356958777,60.49510990628851
12000,140.1343994140625,416.29028075840324,556.4246801724657,64.19001595924462
13000,135.72251892089844,387.46907121129334,523.1915901321918,59.74592012923076
14000,90.68643188476562,380.46737428195775,471.15380616672337,58.66629118181202
15000,109.01036071777344,404.68531165644526,513.6956723742187,62.40058395400031
16000,116.74214172363281,389.67150342836976,506.4136451520026,60.08552488508942
17000,98.3150634765625,411.52791831456125,509.84298179112375,63.455681925029346
18000,78.70675659179688,408.89039495697943,487.5971515487763,63.0489881484953
19000,80.88432312011719,369.57712937681936,450.46145249693654,56.987066307795295
20000,86.23725891113281,411.4947343124077,497.7319932235405,63.45056510696684
21000,113.88665771484375,404.5900629181415,518.4767206329852,62.38589704365334
22000,92.10123443603516,357.67032226733863,449.7715567033738,55.151092292286684
23000,84.69338989257812,380.4858451061882,465.17923499876633,58.669139296593784
24000,110.16180419921875,397.17850523628294,507.3403094355017,61.24306948348393
25000,96.4553451538086,392.9463767039124,489.401721857721,60.59049504062275
26000,76.54004669189453,405.2862229102757,481.8262696021702,62.493241661269366
27000,94.74917602539062,387.9913411773741,482.74051720276475,59.8264517174213
28000,109.08625793457031,385.7391937468201,494.8254516813904,59.479181107964685
29000,81.19677734375,379.64948955574073,460.84626689949073,58.5401771790228
30000,86.1243896484375,364.8498013596982,450.9741910081357,56.258134418463726
31000,108.10598754882812,400.8297067536041,508.93569430243224,61.8060676953093
32000,85.91633605957031,401.8610794041306,487.7774154637009,61.96510053839325
33000,101.3883056640625,389.0020677931607,490.3903734572232,59.98230103842773
34000,112.92790222167969,363.3005868680775,476.2284890897572,56.01925278336945
35000,71.36958312988281,410.1672342396341,481.53681736951694,63.2458707991824
36000,89.03446960449219,397.58171778544784,486.61618738994,61.30524297434398
37000,81.01145935058594,405.0592938810587,486.07075323164463,62.45825026540849
38000,62.62632751464844,401.0278628645465,463.6541903791949,61.83662244162872
39000,79.27601623535156,386.78549861721694,466.0615148525685,59.64051642957405
40000,90.8190689086914,399.39430326782167,490.2133721765131,61.58473518547393
41000,85.73100280761719,394.99022365454584,480.72122646216303,60.90564668946836
42000,100.58943176269531,385.3357100156136,485.9251417783089,59.41696580210105
43000,95.24790954589844,382.51762818545103,477.76553773134947,58.98243075284879
44000,117.8333740234375,413.1822536867112,531.0156277101487,63.71077270866904
45000,93.84857177734375,397.0707427877933,490.91931456513703,61.22645301750313
46000,95.96387481689453,386.48066732287407,482.4445421397686,59.593512868469766
47000,81.61361694335938,368.5544158415869,450.16803278494626,56.82936865982545
48000,92.96959686279297,375.94709109398536,468.91668795677833,57.96928463761012
49000,93.82894897460938,388.9456272968091,482.7745762714185,59.973598177638
50000,79.05882263183594,384.4842065498233,463.5430291816592,59.285667946770744
51000,98.34539031982422,374.6522299516946,472.9976202715188,57.769623100383676
52000,111.92152404785156,379.0484494250268,490.96997347287834,58.44749959954054
53000,100.73397827148438,379.1005820063874,479.8345602778718,58.455538199969645
54000,109.21099853515625,384.18524342076853,493.3962419559248,59.23956922933182
55000,84.29949951171875,397.48096291720867,481.7804624289274,61.28970704449124
56000,111.47030639648438,382.9332176754251,494.4035240719095,59.0465127101439
57000,116.49270629882812,407.0110669059213,523.5037732047495,62.75920454516373
58000,121.58155059814453,413.1342009603977,534.7157515585423,63.70336320282295
59000,94.13692474365234,407.1993573992513,501.33628214290366,62.788238059349574
60000,88.11821746826172,397.773028341122,485.8912458093837,61.33474216803047
61000,94.92967224121094,403.6228630403057,498.5525352815166,62.2367593422375
62000,93.77740478515625,386.6667954484001,480.44420023355633,59.62221295564502
63000,81.36460876464844,417.34569241665304,498.7103011813015,64.35275550498467
64000,74.50595092773438,382.96675987914205,457.4727108068764,59.05168476121359
65000,94.5455093383789,375.3268771520816,469.8723864904605,57.87365054604204
66000,98.82768249511719,387.0429144622758,485.870596957393,59.68020874997218
67000,72.9415283203125,391.13032884150743,464.07185716181993,60.31046894667178
68000,77.299072265625,391.6628028098494,468.9618750754744,60.39257394432747
69000,128.86773681640625,405.99635890172794,534.8640957181342,62.60274131267009
70000,84.13151550292969,409.2646509881597,493.3961664910894,63.10669667959657
71000,100.4909896850586,398.3374346876517,498.8284243727103,61.421770989182
72000,77.7864761352539,365.0274751330144,442.8139512682683,56.28553088403561
73000,93.9190673828125,394.49274117453024,488.41180855734274,60.8289372157966
74000,64.72674560546875,409.3879506988451,474.11469630431384,63.12570891880198
75000,106.10646057128906,384.9740652516484,491.0805258229375,59.361201869471614
76000,92.5201416015625,394.6712176576257,487.1913592591882,60.85645745546536
77000,86.85166931152344,403.1656759296311,490.01734524115454,62.16626322621698
78000,97.00543212890625,381.8391645969823,478.84459672588855,58.877814837982285
79000,101.03680419921875,400.1499130912125,501.18671729043126,61.70124668925936
80000,69.92484283447266,389.41652940772474,459.3413722421974,60.046209082605195
81000,73.26506805419922,406.15811035921797,479.4231784134172,62.62768263154692
82000,85.68325805664062,400.6853351269383,486.3685931835789,61.78380626512925
83000,131.8997802734375,391.30139049049467,523.2011707639322,60.33684585357074
84000,75.9802474975586,381.10995534528047,457.09020284283906,58.76537417898084
85000,71.41761779785156,392.8816874283366,464.29930522618815,60.58052025662337
86000,81.62482452392578,378.2346251234412,459.859449647367,58.322011695255036
87000,108.82244873046875,373.8382631833665,482.66071191383526,57.64411322839222
88000,87.4778823852539,368.7210418935865,456.1989242788404,56.85506161839656
89000,95.763671875,392.53211118723266,488.29578306223266,60.52661723382267
90000,83.91827392578125,420.61810546182096,504.5363793876022,64.85734630449095
91000,67.09351348876953,389.28205561917275,456.3755691079423,60.025473852809476
92000,90.22416687011719,397.0865346956998,487.310701565817,61.22888805590639
93000,79.2979965209961,395.5487752519548,474.8467717729509,60.99177273566484
94000,77.04735565185547,401.3325771186501,478.37993277050555,61.88360795567504
95000,97.31422424316406,390.1647504121065,487.4789746552706,60.16158126502755
96000,92.17875671386719,402.81852095387876,494.99727766774595,62.11273355121885
97000,88.73534393310547,379.52963234484196,468.2649762779474,58.521695757197605
98000,118.33198547363281,380.26235682796687,498.5943423015997,58.634678448457734
99000,87.56906127929688,391.697986388579,479.2670476678759,60.39799908775393
100000,116.89852905273438,380.22084480989724,497.1193738626316,58.628277489257975
101000,76.70326232910156,377.45139630977064,454.1546586388722,58.20124147223263
102000,86.12562561035156,374.6462986250408,460.77192423539236,57.76870851753089
103000,110.00833129882812,394.642127962783,504.6504592616111,60.851971960457405
104000,113.91071319580078,400.23566994350404,514.1463831393048,61.71446999513904
105000,100.08009338378906,387.4392457557842,487.5193391395733,59.74132118336627
106000,109.8587875366211,364.7127983085811,474.5715858452022,56.23700918819977
107000,68.28075408935547,426.5246977750212,494.80545186437666,65.76811523754974
108000,79.93302154541016,396.320041407831,476.25306295324117,61.11069837275713
109000,79.20799255371094,367.9488103380427,447.1568028917536,56.73598712118686
110000,83.75482940673828,391.84265247685835,475.59748188359663,60.420305922538766
111000,80.63725280761719,360.3802922377363,441.0175450453535,55.56895699797231
112000,88.0837631225586,365.4827720283065,453.5665351508651,56.35573553767718
113000,108.1397705078125,402.1067368281074,510.2465073359199,62.00297976520789
114000,108.1448974609375,414.9427197286859,523.0876171896234,63.982228345644735
115000,95.99282836914062,386.6946541876532,482.68748255679384,59.626508643053356
116000,80.2691650390625,402.0540566863492,482.3232217254117,61.99485673352425
117000,101.00496673583984,427.82522402331233,528.8301907591522,65.96865030764828
118000,57.00782775878906,382.56422397773713,439.5720517365262,58.98961560627613
119000,75.00108337402344,394.07553529855795,469.0766186725814,60.764606019333975
120000,78.19612884521484,376.0445925388485,454.24072138406336,57.98431890478161
121000,102.30624389648438,416.49811029434204,518.8043541908264,64.22206230249436
122000,58.501380920410156,414.59951914008707,473.1009000604972,63.92930841866674
123000,111.07240295410156,391.8233956480399,502.89579860214144,60.41733660952255
124000,106.3924560546875,390.93621479254216,497.32867084722966,60.280537467420594
125000,110.00022888183594,387.86615776247345,497.8663866443094,59.80714901982848
126000,100.55622100830078,400.10226186178625,500.658482870087,61.69389909235708
127000,103.46709442138672,370.95503848884255,474.42213291022927,57.19953345386948
128000,91.48834228515625,388.77517316956073,480.263515454717,59.94731494775221
129000,83.93602752685547,351.98638003505766,435.92240756191313,54.274654961256886
130000,92.55958557128906,377.0961215654388,469.65570713672787,58.1464597668634
131000,92.75917053222656,383.93783144978806,476.6970019820146,59.20141945956826
132000,103.42544555664062,402.04965232126415,505.4750978779048,61.99417760100983
133000,105.4598388671875,382.95416934229434,488.41400820948184,59.04974335926753
134000,120.83316802978516,390.4430408384651,511.27620886825025,60.204492348314716
135000,85.97123718261719,413.25498940516263,499.2262265877798,63.72198821655863
136000,108.43077087402344,411.5402121155057,519.9709829895291,63.45757757168578
137000,86.264892578125,369.17017287015915,455.43506544828415,56.92431551618506
138000,125.1825942993164,391.3666202353779,516.5492145346943,60.3469039754117
139000,109.92603302001953,383.0551871545613,492.9812201745808,59.06531983386063
140000,103.8950424194336,383.94731144513935,487.84235386457294,59.20288123055119
141000,93.28553009033203,406.5123065263033,499.7978366166353,62.682298025344934
142000,92.66460418701172,382.75940185785294,475.42400604486465,59.01971112331944
143000,64.73892211914062,387.2522028312087,451.99112495034933,59.71248003845245
144000,82.15684509277344,387.05446094926447,469.2113060420379,59.68198916430884
145000,105.85600280761719,416.9947665249929,522.8507693326101,64.29864437237515
146000,99.79391479492188,402.6284564794041,502.422371274326,62.08342649743037
147000,79.97940063476562,402.5109291439876,482.4903297787532,62.06530433151698
148000,94.78984069824219,386.6085002431646,481.3983409414068,59.6132241074125
149000,124.93851470947266,380.34147426951677,505.2799889789894,58.64687798822717
150000,80.25507354736328,401.88087426964194,482.1359478170052,61.96815281415326
151000,103.65750122070312,390.77878907555714,494.43629029626027,60.256263157515356
152000,66.70577239990234,385.7220779778436,452.4278503777459,59.47654193637088
153000,88.24078369140625,389.10091184824705,477.3416955396533,59.997542329821584
154000,81.35861206054688,385.96272114198655,467.3213332025334,59.513647987750886
155000,101.01969909667969,379.0444101174362,480.0641092141159,58.44687675718585
156000,64.89602661132812,398.9943980774842,463.89042468881235,61.52307167388971
157000,91.09013366699219,378.30948220472783,469.39961587172,58.33355430738063
158000,78.27594757080078,392.7625574702397,471.0385050410405,60.562150973781776
159000,71.4019546508789,373.05246044835076,444.45441509922966,57.52294611872638
160000,106.9080810546875,383.9393819065299,490.8474629612174,59.201658532752525
161000,93.72267150878906,399.0759691428393,492.7986406516284,61.53564955098407
162000,107.68123626708984,380.3739740746096,488.0552103416994,58.65188930630017
163000,110.26449584960938,392.3692209573928,502.6337168070022,60.50150032157102
164000,78.93608093261719,397.02177489362657,475.95785582624376,61.218902397050684
165000,101.24531555175781,395.2971249166876,496.5424404684454,60.95296942993423
166000,109.52333068847656,393.81751511152834,503.3408458000049,60.72482051222806
167000,111.08577728271484,383.8822910282761,494.96806831099093,59.192855386112726
168000,109.39517211914062,384.3432692284696,493.7384413476102,59.263936070421224
169000,93.07714080810547,403.1664039855823,496.24354479368776,62.16637548904243
170000,107.09903717041016,349.25634783739224,456.3553850078024,53.8536967538778
171000,83.53791809082031,393.92732792859897,477.4652460194193,60.74175313546262
172000,88.3944091796875,383.7242795410566,472.1186887207441,59.16849075317466
173000,95.61589050292969,376.0684216446243,471.684312147554,57.9879932415383
174000,107.37371063232422,402.78440654231235,510.1581171746366,62.107473268372715
175000,106.68665313720703,384.9570225821808,491.64367571938783,59.35857396948048
176000,104.75076293945312,381.57869446696714,486.32945740642026,58.83765156111663
177000,93.55670928955078,403.0831410102546,496.6398502998054,62.15353672733663
178000,108.32081604003906,392.11375125776976,500.4345672978088,60.462108087704706
179000,94.95020294189453,385.2910532094538,480.24125615134835,59.41007993127346
180000,92.0208969116211,392.9950236007571,485.0159205123782,60.59799616478818
181000,68.08932495117188,401.42092735273764,469.5102523039095,61.897231148908745
182000,93.45254516601562,371.02270882204175,464.4752539880574,57.20996790302383
183000,79.51412963867188,380.80235995398834,460.3164895926602,58.717944407043674
184000,96.96961975097656,374.4421703713015,471.41179012227803,57.737232894700135
185000,90.37117004394531,366.62581056077033,456.99698060471565,56.53198673793873
186000,84.32820129394531,389.6502952519804,473.97849654592574,60.08225468339646
187000,91.60694885253906,415.64234498888254,507.2492938414216,64.09010729140273
188000,90.8509521484375,382.01004929095507,472.86100143939257,58.90416445924493
189000,64.38798522949219,381.41252090828493,445.8005061377771,58.81202837490056
190000,88.63822937011719,381.16372535191476,469.80195472203195,58.77366526273542
191000,71.23865509033203,391.43056173063815,462.6692168209702,60.3567634551808
192000,110.36546325683594,387.55347266746685,497.9189359243028,59.75893443936284
193000,86.82176208496094,387.8123851963319,474.6341472812928,59.798857541409845
194000,88.5721435546875,372.6229704800062,461.1951140346937,57.45672077262378
195000,66.56657409667969,381.48674290813506,448.05331700481474,58.8234730604364
196000,90.34820556640625,410.73961407132447,501.0878196377307,63.33412909448542
197000,72.5990982055664,396.78450492443517,469.3836031300016,61.182316476569184
198000,111.02767944335938,403.9825892802328,515.0102687235922,62.292227447425574
199000,106.6693115234375,423.28368855593726,529.9530000793748,65.26836676127485
200000,105.8748779296875,402.3106757628266,508.1855536925141,62.03442619593043
201000,91.44744110107422,389.0345666445792,480.4820077456534,59.9873122094486
202000,79.57221221923828,381.522266743239,461.0944789624773,58.82895066980576
203000,110.03297424316406,364.81202730629593,474.84500154946,56.25230983594809
204000,112.05878448486328,395.61517665348947,507.67396113835275,61.00201152148627
205000,108.08604431152344,390.75714563485235,498.8431899463758,60.25292584009896
206000,99.71208190917969,375.95511278510094,475.6671946942806,57.9705215448946
207000,106.75067901611328,385.4302949272096,492.1809739433229,59.43155035347177
208000,81.21717071533203,401.98522075638175,483.2023914717138,61.984242554795095
209000,111.53675079345703,390.64927973784506,502.1860305313021,60.23629342284016
210000,79.9705810546875,361.6855985959992,441.6561796506867,55.77022913869093
211000,87.31352233886719,367.82151135848835,455.13503369735554,56.71635821341054
212000,82.26841735839844,383.38715838384815,465.6555757422466,59.11650824610775
213000,91.07623291015625,382.8789524976164,473.95518540777266,59.038145273308174
214000,91.0685806274414,379.73344363830984,470.80202426575124,58.55312250623566
215000,92.74705505371094,383.6615748601034,476.40862991381437,59.15882198439205
216000,82.91777038574219,367.2733889343217,450.1911593200639,56.631840296992266
217000,95.5427474975586,395.51002507819794,491.05277257575653,60.985797639951954
218000,94.90777587890625,374.89732980309054,469.8051056819968,57.8074163521119
219000,75.40862274169922,390.393163330853,465.8017860725522,60.196801469719624
220000,68.10578155517578,372.38094451650977,440.48672607168555,57.41940150004532
221000,78.09984588623047,386.654290266335,464.7541361525655,59.620284715007585
222000,84.54861450195312,346.387063536793,430.9356780387461,53.41126652295447
223000,82.0845947265625,395.8665501754731,477.9511449020356,61.0407721439021
224000,97.7770767211914,364.8152485024184,462.5923252236098,56.25280652933745
225000,89.15673828125,387.5220929067582,476.6788311880082,59.754095826899885
226000,97.2008056640625,378.1624479701277,475.3632536341902,58.310882315499526
227000,84.67823028564453,356.3379631214775,441.01619340712205,54.94564873813869
228000,78.91668701171875,355.84645373001695,434.7631407417357,54.86986028680975
229000,87.3126449584961,380.21666763257235,467.52931259106845,58.62763338803452
230000,105.28863525390625,389.0643974551931,494.35303270909935,59.991911981045234
231000,130.780029296875,402.84727848507464,533.6273077819496,62.11716782814468
232000,111.63662719726562,414.62140879547223,526.2580359927379,63.93268370123629
233000,114.41702270507812,415.8227761965245,530.2397989016026,64.1179289404621
234000,82.37033081054688,405.6956927012652,488.0660235118121,62.55637998957855
235000,60.798683166503906,383.5656907586381,444.364373925142,59.14403710401462
236000,69.08700561523438,379.41069611301646,448.49770172825083,58.503356346041755
237000,84.00169372558594,400.1085592582822,484.1102529838681,61.69487012146888
238000,88.32649230957031,407.08518945705146,495.41168176662177,62.77063389617169
239000,112.41868591308594,385.2492262534797,497.66791216656566,59.40363041012055
240000,90.39459991455078,356.5538861490786,446.9484860636294,54.978943059981695
241000,99.08015441894531,387.28375664258783,486.36391106153314,59.71734548871545
242000,94.44805908203125,408.4564628023654,502.9045218843967,62.98207783802838
243000,125.28990173339844,397.96116190264,523.2510636360385,61.36375148406425
244000,128.32400512695312,377.7583261076361,506.0823312345892,58.24856861277373
245000,99.45166015625,377.87083716504276,477.32249732129276,58.265917292059186
246000,98.9761962890625,396.3666811727453,495.3428774618078,61.117890006558255
247000,93.89157104492188,379.6482416880317,473.5398127329536,58.53998476365338
248000,119.75393676757812,392.1432846658863,511.89722143346444,60.46666200122601
249000,91.90000915527344,363.21607684809715,455.1160860033706,56.00622173320567
250000,86.26021575927734,372.071293890127,458.3315096494043,57.37165482046132
251000,69.10556030273438,399.52132008969784,468.6268803924322,61.604320585854815
252000,96.51432037353516,391.65281293261796,488.1671333061531,60.3910335519413
253000,81.27252197265625,361.5235611535609,442.7960831262171,55.7452437222715
254000,70.90403747558594,385.94608361818246,456.8501210937684,59.51108255932781
255000,96.95514678955078,411.1820021234453,508.13714891299605,63.40234326483328
256000,104.15159606933594,379.31454530823976,483.4661413775757,58.48853034126003
257000,105.0284423828125,381.5894189537503,486.6178613365628,58.83930522686283
258000,108.54804992675781,377.20527940802276,485.7533293347806,58.16329139609284
259000,102.72364807128906,383.7702001109719,486.493848182261,59.17557149046777
260000,83.385009765625,395.9894955288619,479.3745052944869,61.05972974286829
261000,101.18196105957031,398.90300895262044,500.08497001219075,61.50897989789912
262000,97.32003784179688,391.62006943579763,488.9401072775945,60.38598465774269
263000,105.40399169921875,387.8066722198855,493.21066391910426,59.79797662713868
264000,65.47442626953125,374.8433054431807,440.317731712712,57.79908604827084
265000,87.96977996826172,388.7950445073657,476.7648244756274,59.950379015182534
266000,106.0867919921875,359.33635464683175,465.42314663901925,55.407986699798315
267000,107.97373962402344,388.83848815318197,496.8122277772054,59.957077822354286
268000,90.80867004394531,409.1574425790459,499.9661126229912,63.090165643898494
269000,93.37010192871094,406.82589826197363,500.1960001906846,62.73065240556418
270000,130.2310791015625,394.65575560042635,524.8868347019888,60.85407327849976
271000,108.12222290039062,403.36568951560184,511.48791241599247,62.19710438650575
272000,91.60958862304688,410.1788521092385,501.7884407322854,63.24766222038483
273000,119.01406860351562,378.7525056246668,497.76657422818244,58.40186644847697
274000,90.63844299316406,390.2424818677828,480.88092486094683,60.17356709225201
275000,85.59535217285156,418.6910394229926,504.2863915958442,64.56020172652589
276000,98.17689514160156,414.2532368991524,512.430132040754,63.875913315299194
277000,127.37165832519531,399.9676039349288,527.3392622601241,61.67313546929513
278000,88.34770965576172,396.03789241751656,484.3856020732783,61.06719231693912
279000,80.77072143554688,392.62374339206144,473.3944648276083,60.54074649160794
280000,89.35639190673828,412.9340139951091,502.2904059018474,63.67249530825357
281000,99.09994506835938,419.6246628407389,518.7246079090983,64.70416209469946
282000,91.01565551757812,397.75414041802287,488.769795935601,61.33182973855227
283000,103.09614562988281,397.7652109730989,500.8613566029817,61.333536766412045
284000,111.88261413574219,391.9038867838681,503.78650091961026,60.4297479665304
285000,86.0380630493164,399.34369057789445,485.38175362721086,61.57693094520137
286000,106.35546875,402.23565265350044,508.59112140350044,62.022857983056994
287000,98.36225891113281,417.3130501564592,515.675309067592,64.3477222210008
288000,94.00372314453125,400.02266702149063,494.0263901660219,61.68162593993195
289000,120.96085357666016,395.418851470924,516.3797050475841,60.971739095766594
290000,83.80754852294922,391.40292632579803,475.21047484874725,60.35250220489531
291000,78.76227569580078,391.69570763781667,470.45798333361745,60.39764771503503
292000,120.4404525756836,378.3304018713534,498.770854447037,58.336780022216224
293000,81.62864685058594,391.62088151904754,473.2495283696335,60.38610987718494
294000,76.09455108642578,407.7567928172648,483.8513439036906,62.874191995899196
295000,92.65277099609375,411.4586359653622,504.11140696145594,63.44499891054081
296000,63.032779693603516,384.86418008152395,447.89695977512747,59.34425808973426
297000,83.70137023925781,394.8794743884355,478.5808446276933,60.88856967016792
298000,84.198486328125,402.9923444436863,487.1908307718113,62.13953632106616
299000,112.09339141845703,385.7444646246731,497.83785604313016,59.47999385269869
300000,81.93620300292969,364.0551207456738,445.99132374860346,56.135598381341275
301000,90.82279968261719,395.1235564108938,485.946356093511,60.92620597743029
302000,140.51182556152344,394.0541773852892,534.5660029468127,60.76131272891394
303000,105.58794403076172,386.7935719205998,492.3815159513615,59.64176129522896
304000,114.40956115722656,384.9741410687566,499.38370222598314,59.3612135601154
305000,109.59591674804688,383.4710047552362,493.0669215032831,59.12943696475984
306000,64.28231811523438,388.12014916783664,452.402467283071,59.84631330762802
307000,57.70945739746094,398.9494359213859,456.6588933188468,61.5161387195285
308000,71.29258728027344,383.0205783583224,454.3131656385958,59.05998331920825
309000,102.05010986328125,399.2806586541701,501.33076851745136,61.567211717112656
310000,122.158203125,377.6671856525354,499.8253887775354,58.234515180498576
311000,76.32147979736328,379.3571649695514,455.67864476691466,58.49510209387166
312000,94.4183349609375,395.86411389149725,490.28244885243475,61.04039648029784
313000,92.16867065429688,367.2124139564112,459.38108461070806,56.62243824033589
314000,97.74275970458984,386.82079997938126,484.5635596839711,59.64595973465574
315000,90.32490539550781,397.9651452875696,488.2900506830774,61.36436570340596
316000,90.4122314453125,381.62934689968824,472.04157834500074,58.84546192954228
317000,91.15532684326172,396.02353591658175,487.17886275984347,61.064978611583214
318000,89.32617950439453,393.4360612425953,482.76224074698985,60.66600210818096
319000,78.05853271484375,367.7806228455156,445.83915556035936,56.71005339578307
320000,79.11628723144531,386.1959586138837,465.312245845329,59.549612115993554
321000,90.57267761230469,406.22499091830105,496.79766853060573,62.637995301223185
322000,91.57252502441406,408.0895003513433,499.66202537575737,62.92549394290443
323000,76.32600402832031,405.28772470448166,481.613728732802,62.493473230918006
324000,76.91267395019531,410.6108384296531,487.5235123798484,63.314272492311126
325000,80.20401000976562,384.1015240554698,464.3055340652354,59.226660094425206
326000,70.8687973022461,402.01086377725005,472.87966107949615,61.98819658878258
327000,107.05872344970703,397.44778114836663,504.50650459807366,61.28459057079493
328000,104.36601257324219,378.2393975723535,482.60541014559567,58.322747584575545
329000,103.23070526123047,375.5476038462948,478.7783091075253,57.907685570828995
330000,76.29544067382812,416.5372270764783,492.8326677503064,64.22809392750618
331000,67.65455627441406,375.3492403784767,443.00379665289074,57.877098851048316
332000,96.12451171875,376.3495134944096,472.4740252131596,58.03133629122675
333000,102.00296020507812,391.3091033566743,493.31206356175244,60.33803514149324
334000,80.28386688232422,383.5031661624089,463.7870330447331,59.1343961034549
335000,112.18806457519531,381.39101456385106,493.57907913904637,58.808712197088475
336000,82.01025390625,405.2023912156001,487.2126451218501,62.48031520569775
337000,115.73153686523438,380.15109414886683,495.8826310141012,58.61752226327347
338000,91.9051742553711,385.97720825625584,477.88238251162693,59.515881833072605
339000,82.88841247558594,377.4537726920098,460.34218516759574,58.201607899269014
340000,69.31358337402344,406.49128416739404,475.8048675414175,62.679056475839076
341000,101.00863647460938,390.6902829427272,491.6989194173366,60.242615925424104
342000,58.3382568359375,382.8784022592008,441.2166590951383,59.03806042911577
343000,63.405216217041016,369.26593843009323,432.67115464713424,56.939082118012315
344000,112.21210479736328,371.40650722407736,483.61861202144064,57.26914782311928
345000,101.41555786132812,414.71779866795987,516.133356529288,63.94754656914188
346000,113.49759674072266,401.81015740986913,515.3077541505918,61.957248604837744
347000,91.48796844482422,362.47815068101045,453.96611912583467,55.892436966586224
348000,114.30711364746094,380.64576812880114,494.9528817762621,58.693798679356874
349000,104.10132598876953,386.09312817826867,490.1944541670382,59.53375614335062
350000,90.43974304199219,383.51751683466136,473.95725987665355,59.136608910055216
351000,110.18992614746094,369.85860527167097,480.0485314191319,57.03046857543833
352000,110.21634674072266,384.19006182067096,494.4064085613936,59.24031220408029
353000,87.83098602294922,384.8846104731783,472.71559649612755,59.34740836065569
354000,79.98663330078125,401.2227946250059,481.20942792578717,61.86668000817114
355000,132.07786560058594,354.1480229906738,486.2258885912597,54.607970203607486
356000,91.51644897460938,380.0053325393237,471.5217815139331,58.595046504229146
357000,104.12638092041016,395.6893563424237,499.81573726283386,61.0134496828766
358000,107.34309387207031,403.0985756162554,510.4416694883257,62.15591667145569
359000,130.75889587402344,390.0333144920878,520.7922103661112,60.14131446036363
360000,110.12718200683594,402.2893699388951,512.416551945731,62.031140937442785
361000,102.85957336425781,372.70371558330953,475.56328894756734,57.4691712902295
362000,76.60066986083984,395.5769980587065,472.17766791954637,60.99612456058016
363000,116.24433898925781,407.461472844705,523.7058118339628,62.82865503616725
364000,98.44584655761719,410.33764629019424,508.78349284781143,63.272147541039494
365000,122.01317596435547,398.52650938089937,520.5396853452548,61.45092542333056
366000,89.76305389404297,411.2662724778056,501.0293263718486,63.41533735967842
367000,112.31352233886719,407.40902317268774,519.7225455115549,62.82056754184067
368000,97.37543487548828,394.11006943229586,491.48550430778414,60.76993102137759
369000,98.26451873779297,415.3910124497488,513.6555311875418,64.05135298835083
370000,91.5826187133789,398.6279264707118,490.21054518409073,61.46656346465534
371000,109.40484619140625,404.52077197050676,513.925618161913,62.37521270332619
372000,92.59100341796875,388.355723828543,480.9467272465117,59.88263781946334
373000,107.73735046386719,400.0069013405591,507.7442518044263,61.67919494560569
374000,108.19676208496094,387.2695141774602,495.46627626242116,59.715149367148136
375000,96.62669372558594,400.51563462242484,497.1423283480108,61.75763924034749
376000,147.9575653076172,409.6861243140884,557.6436896217056,63.171685896900584
377000,116.83379364013672,412.6000875867903,529.433881226927,63.62100541653631
378000,122.59529876708984,387.677503074985,510.27280184207484,59.7780593486053
379000,71.31217956542969,388.6161428466439,459.9283224120736,59.92279321511066
380000,82.51242065429688,389.4598337310599,471.9722543853568,60.05288640690142
381000,80.84174346923828,426.68935117311776,507.53109464235604,65.79350402210726
382000,90.724609375,391.08151472266763,481.80612409766763,60.302942037656145
383000,101.58407592773438,420.09324760269374,521.6773235304281,64.77641567528593
384000,117.40811920166016,365.4531351691112,482.86125437077135,56.351165672482956
385000,80.9633560180664,371.5555244758725,452.5188804939389,57.29212558698518
386000,98.52821350097656,388.94668952561915,487.4749030265957,59.97376196835669
387000,81.42721557617188,396.80815355503,478.2353691312019,61.185962984896335
388000,67.65027618408203,377.5730398034211,445.22331598750316,58.21999833051078
389000,74.20195770263672,381.0062477728352,455.2082054754719,58.74938295593757
390000,99.60066223144531,404.69325512158684,504.29391735303216,62.401808799205156
391000,99.52677917480469,419.4657371572248,518.9925163320295,64.67965649696482
392000,96.59028625488281,376.8246031533927,473.4148894082755,58.10459289653745
393000,87.31818389892578,405.1640289374627,492.4822128363885,62.47439992167675
394000,103.76818084716797,397.9315607538447,501.69974160101265,61.35918712524684
395000,94.39700317382812,376.9767153635621,471.37371853739023,58.12804788852184
396000,97.90092468261719,388.1813782065292,486.0823028891464,59.85575453926977
397000,91.91231536865234,370.63950443733484,462.5518198059872,57.1508795776246
398000,82.84346771240234,421.53480709157884,504.3782748039812,64.9986974120326
399000,87.39920043945312,399.997286910424,487.39648734987713,61.677712445407295
400000,99.8176040649414,381.14339151233435,480.96099557727575,58.7705298796926
401000,95.27996063232422,405.9789571519941,501.2589177843183,62.600058044179896
402000,112.05524444580078,378.6966966195032,490.751941065304,58.393260960677466
403000,86.89663696289062,380.5729519096203,467.46958887251094,58.682570758630995
404000,75.94305419921875,375.5883787065977,451.5314329058165,57.91397286374588
405000,92.62630462646484,406.9738409826532,499.60014560911804,62.753464481753355
406000,111.46109008789062,392.49676983151585,503.9578599194065,60.52116776192207
407000,85.99755859375,386.16594840586185,472.16350699961185,59.544984682154954
408000,106.32584381103516,380.9069787058979,487.2328225169331,58.73407612970239
409000,78.32414245605469,380.0845305509865,458.4086730070412,58.60725846753349
410000,66.87057495117188,371.36187623627484,438.2324511874467,57.26226593336173
411000,78.81793212890625,359.6454200251028,438.46335215400904,55.455643136858356
412000,61.88030242919922,369.0950717336964,430.9753741628956,56.912735271891776
413000,89.93246459960938,394.4511125641875,484.3835771637969,60.822518278613174
414000,143.14788818359375,381.3303052056581,524.4781933892518,58.79935109775129
415000,89.42108154296875,399.09578984975815,488.5168713927269,61.538705811368345
416000,80.32362365722656,386.2536598900333,466.57728354725987,59.55850938313648
417000,125.60250091552734,371.41918477602303,497.0216856915504,57.27110264238683
418000,105.18118286132812,394.2380427280441,499.4192255893722,60.78966390555992
419000,103.37174224853516,390.768525971449,494.14026821998414,60.2546806348216
420000,116.4759521484375,388.6879443801008,505.1638965285383,59.93386467603956
421000,105.41522216796875,371.6993663273752,477.1145884953439,57.31430532831074
422000,59.68199920654297,400.1622545905411,459.8442537970841,61.70314969078373
423000,99.61610412597656,394.3893884366844,494.00549256266095,60.8130007065904
424000,82.63172149658203,404.9471262237057,487.57884772028774,62.44095453680661
425000,114.00399780273438,374.2992502572015,488.30324805993587,57.715195280974775
426000,79.17166137695312,389.4536183937453,468.6252797706984,60.05192803093191
427000,88.590576171875,371.78680350398645,460.37737967586145,57.327787732348334
428000,97.19827270507812,365.3301852515433,462.5284579566214,56.33220736974168
429000,86.25509643554688,392.9711261242628,479.2262225598097,60.594311285586194
430000,125.37905883789062,389.1273780975025,514.5064369353931,60.00162330177941
431000,91.80622863769531,396.4686522213742,488.2748808590695,61.13361346574386
432000,119.14234924316406,390.60110847698525,509.7434577201493,60.22886563952094
433000,94.742431640625,398.34066424611956,493.08309588674456,61.42226897200595
434000,90.81904602050781,376.3187676258385,467.13781364634633,58.02659542196922
435000,92.0308609008789,380.52927454328164,472.56013544416055,58.67583591284688
436000,95.7714614868164,406.21920160297304,501.99066308978945,62.6371026158532
437000,115.68984985351562,383.8431403245777,499.5329901780933,59.18681853055454
438000,98.51980590820312,406.0698625575751,504.58966846577823,62.61407523291751
439000,104.76318359375,393.3874766100198,498.1506602037698,60.65851058487488
440000,87.41432189941406,398.72414020402357,486.13846210343763,61.4813991727231
441000,88.61902618408203,376.5672011747956,465.18622735887766,58.06490271428292
442000,96.69972229003906,383.5633336706087,480.26305596064776,59.143673652055206
443000,90.67356872558594,363.81597235798836,454.4895410835743,56.098722817505895
444000,81.12841796875,379.49820617679507,460.62662414554507,58.51684998893995
445000,88.21356201171875,374.5663351099938,462.77989712171257,57.75637851718192
446000,103.30976104736328,371.23898845445365,474.5487495018169,57.24331721166223
447000,100.55107116699219,394.50553743867204,495.0566086056642,60.83091033993004
448000,91.239013671875,370.98689888464287,462.22591255651787,57.20444617801755
449000,105.19450378417969,374.02177443820983,479.2162782223895,57.67240980633691
450000,104.4742202758789,400.56767114577815,505.04189142165706,61.76566302908074
451000,120.94095611572266,384.87436051806435,505.815316633787,59.345827865475385
452000,89.56354522705078,401.56767165940255,491.13121688645333,61.919858435257076
453000,102.32679748535156,402.03991048503667,504.36670797038823,61.99267545538737
454000,101.53956604003906,382.5768939603586,484.11646000039764,58.991569258389255
455000,102.25469207763672,389.9243863890879,492.1790784667246,60.12451825590447
456000,107.67533874511719,398.89590173587203,506.5712404809892,61.5078839982887
457000,56.63908767700195,386.04776922333986,442.6868569003418,59.526762004464
458000,80.67132568359375,396.67757454141974,477.3489002250135,61.16582831119626
459000,71.22731018066406,363.0423731347546,434.26968331541866,55.979437432329554
460000,93.43862915039062,395.2287638243288,488.6673929747194,60.942428468945394
461000,79.29735565185547,399.0899978764355,478.387353528291,61.53781271614802
462000,86.58645629882812,395.3111314503476,481.8975877491757,60.95512917197176
463000,68.27896881103516,406.02212744764984,474.301096258685,62.60671470203426
464000,102.45356750488281,385.41270766966045,487.86627517454326,59.42883848054334
465000,86.06766510009766,373.7793165035546,459.84698160365224,57.63502392582437
466000,98.12135314941406,399.095788131468,497.21714128088206,61.53870554641604
467000,73.25297546386719,421.2398978807032,494.4928733445704,64.95322378983285
468000,95.78858947753906,390.5643593855202,486.3529488630593,60.22319910134636
469000,72.75676727294922,404.00051253382117,476.7572798067704,62.294991129373145
470000,69.96316528320312,363.1945650354028,433.1577303186059,56.00290471221338
471000,84.9344482421875,393.11525327526033,478.04970151744783,60.61653501876064
472000,95.72084045410156,382.8378520840779,478.55869253817946,59.03180778160368
473000,87.94869232177734,378.7392173614353,466.68790968321264,58.39981746038302
474000,98.89204406738281,359.6346476203762,458.526691687759,55.453982082389196
475000,113.8681640625,385.35315278486814,499.22131684736814,59.41965539560966
476000,92.83537292480469,380.0369233980309,472.8722963228356,58.59991766701702
477000,74.63072967529297,390.59908526949584,465.2298149447888,60.22855367038058
478000,80.89225769042969,389.14716925658286,470.03942694701254,60.004675006025074
479000,71.09011840820312,384.2677943953313,455.3579128035344,59.25229820384686
480000,92.65525817871094,368.9550741384737,461.61033231718466,56.891148296920306
481000,89.76576232910156,388.01144569925964,477.7772080283612,59.82955174074716
482000,73.50804138183594,411.408517960459,484.91655934229493,63.43727094838727
483000,100.12466430664062,402.4325465839356,502.55721089057624,62.0532181070404
484000,117.2011947631836,380.68015638552606,497.88135114870965,58.69910118784678
485000,87.28738403320312,397.04161850875244,484.32900254195556,61.221962189773436
486000,73.55770874023438,389.707677122904,463.26538586313836,60.09110269974612
487000,92.055419921875,399.4989149691537,491.5543348910287,61.60086582096653
488000,87.59587860107422,402.7157182060182,490.3115968070924,62.096881847898274
489000,111.22501373291016,387.6635565315373,498.8885702644475,59.77590885677817
490000,103.16244506835938,385.05182280391455,488.2142678722739,59.37319172066829
491000,82.32540130615234,390.70937364641577,473.0347749525681,60.2455596227216
492000,93.4071044921875,376.8489752719179,470.2560797641054,58.10835096332258
493000,125.30952453613281,403.86897424049675,529.1784987766296,62.27470853922388
494000,109.81562805175781,364.9624324012548,474.7780604530126,56.275501598744405
495000,110.44673156738281,370.4121061828919,480.8588377502747,57.11581582942657
496000,90.06539154052734,383.9883871031925,474.05377864371985,59.209214905075534
497000,74.4842529296875,399.40833775512874,473.89259068481624,61.586899237833215
498000,117.23544311523438,385.6095626906026,502.845005805837,59.45919260486475
499000,88.6050796508789,398.25039890035987,486.8554785512388,61.40835047750176
500000,88.39256286621094,401.7905220822431,490.18308494845405,61.954220929074125
501000,90.12126922607422,401.1240637898445,491.24533301591873,61.85145617476063
502000,95.41498565673828,386.7113696113229,482.12635526806116,59.62908608327167
503000,108.23289489746094,377.9851575680077,486.21805246546865,58.2835449639746
504000,94.82240295410156,384.69602659344673,479.5184295475483,59.318329607657724
505000,55.232078552246094,376.44152490608394,431.67360345833004,58.045524020935574
506000,63.278175354003906,403.1335562071763,466.4117315611802,62.16131051511062
507000,88.15908813476562,392.5833690497093,480.7424571844749,60.53452095668744
508000,118.26731872558594,388.92251714342274,507.1898358690087,59.97003469998008
509000,82.67237854003906,401.65524527581874,484.3276238158578,61.933361877675004
510000,82.49166107177734,367.363869484514,449.85553055629134,56.645791975014305
511000,85.9202651977539,396.56278056278825,482.48304576054215,61.14812761612608
512000,112.89899444580078,409.77063747122884,522.6696319170296,63.184717430799786
513000,119.62783813476562,425.5592390401289,545.1870771748945,65.61924601223939
514000,95.20458984375,400.4186090291478,495.6231988728978,61.7426783472669
515000,88.00850677490234,390.83869706769474,478.8472038425971,60.2655006899516
516000,106.63756561279297,395.3727602539584,502.0103258667514,60.964632045495776
517000,57.768592834472656,385.41200511995703,443.1805979544297,59.4287301506621
518000,103.34219360351562,401.93266307841986,505.2748566819355,61.97613840645656
519000,99.44065856933594,390.59025105810724,490.0309096274432,60.22719147626692
520000,107.66642761230469,377.523822799325,485.1902504116297,58.212409298471314
521000,101.61377716064453,405.91846491303295,507.5322420736775,62.59073042361366
522000,93.39400482177734,390.64600683934987,484.0400116611272,60.235788757186526
523000,95.3011474609375,379.7536340262741,475.0547814872116,58.55623576970962
524000,103.6174545288086,388.974414402619,492.5918689314276,59.97803701483111
525000,113.57193756103516,405.8053312152624,519.3772687762976,62.57328573609372
526000,114.06851959228516,400.1795291528106,514.2480487450957,61.70581334756127
527000,107.71525573730469,392.4173287563026,500.1325844936073,60.508918319354095
528000,114.57614135742188,366.3930633366108,480.96920469403267,56.49609820360626
529000,107.22361755371094,387.9991288539022,495.22274640761316,59.827652540749945
530000,115.35401916503906,389.92468763608485,505.2787068011239,60.12456470678367
531000,103.0762710571289,383.84971518814564,486.92598624527454,59.18783234379223
532000,117.28691864013672,392.3485882654786,509.63550690561533,60.49831885689487
533000,112.52640533447266,384.71136231161654,497.2377676460892,59.32069430373536
534000,74.43305969238281,386.79199325479567,461.2250529471785,59.6415178723391
535000,111.48997497558594,391.3437931428198,502.8337681184057,60.34338414441074
536000,88.14332580566406,413.6276470613666,501.77097286703065,63.779450285707796
537000,113.45597839355469,360.1331958472729,473.58917424082756,55.53085588924976
538000,122.76914978027344,382.2308045485988,504.99995432887226,58.938203888379384
539000,106.07569122314453,401.23239001398906,507.3080812371336,61.86815957231287
540000,85.48644256591797,388.6332582803443,474.1197008462623,59.92543233500646
541000,83.32723236083984,383.7522099809721,467.07944234181195,59.17279749649007
542000,85.99398803710938,419.0195328264963,505.01352086360566,64.6108538742892
543000,87.237548828125,404.88356518466026,492.12111401278526,62.431153721607934
544000,105.19233703613281,398.4307877542451,503.6231247903779,61.436165595809754
545000,115.29742431640625,387.3791939280927,502.67661824449897,59.73206147215976
546000,106.35162353515625,409.4864146960899,515.8380382312462,63.140891607052694
547000,104.70364379882812,420.04824736807495,524.7518911669031,64.76947684939479
548000,99.36007690429688,384.7338777901605,484.09395469445735,59.324166085311504
549000,100.29190063476562,386.338774101343,486.63067473610863,59.57163359677985
550000,111.19117736816406,369.70355101674795,480.894728384912,57.006559933901165
551000,90.81212615966797,389.05538802593946,479.86751418560743,59.99052276915558
552000,101.50485229492188,380.0795932285255,481.58444552344736,58.60649715548222
553000,92.45309448242188,388.3146937331185,480.76778821554035,59.87631117048342
554000,79.61307525634766,409.73492308007553,489.3479983364232,63.17921043857809
555000,88.28581237792969,358.5849211504683,446.870733528398,55.292119166124436
556000,99.4554214477539,374.0875573474914,473.5429787952453,57.68255322354313
557000,95.44774627685547,364.58735334314406,460.0350996199995,56.21766616073648
558000,100.22221374511719,385.9642287166789,486.1864424617961,59.51388044872352
559000,93.43563842773438,381.8665686659515,475.30220709368587,58.882040417357516
560000,104.51239013671875,388.2152276672423,492.72761780396104,59.86097396793244
561000,95.84196472167969,398.5824794964865,494.4244442181662,61.459555753604505
562000,82.56193542480469,396.99620435456745,479.55813977937214,61.21495953941946
563000,75.42478942871094,432.4698704909533,507.89465991966426,66.6848330884227
564000,83.47081756591797,409.89343556948006,493.36425313539803,63.20365232371189
565000,80.57574462890625,414.77281394589227,495.3485585747985,63.956029667911444
566000,76.67237854003906,392.0530933343107,468.72547187434975,60.45275491936313
567000,102.0846176147461,401.1108361557126,503.1954537704587,61.84941653539052
568000,92.52412414550781,398.9620195630705,491.4861437085783,61.518079058272626
569000,85.64122772216797,394.38845251267776,480.0296802348457,60.81285639148218
570000,94.74002838134766,370.0757398419082,464.8157682232559,57.06394971149425
571000,115.6517562866211,390.6678564734757,506.3196127600968,60.239157868664904
572000,104.69631958007812,395.7066688295454,500.4029884096235,61.016119187489124
573000,93.99522399902344,383.8662326009944,477.86145660001785,59.19037925166728
574000,91.74349975585938,379.60927353054285,471.3527732864022,58.53397605586766
575000,85.50526428222656,401.41823611781,486.9235004000366,61.8968161730591
576000,82.56966400146484,407.92380389384925,490.4934678953141,62.899944323462066
577000,83.95608520507812,384.0600666226819,468.01615182776004,59.220267552020815
578000,78.51506042480469,402.95154269225895,481.46660311706364,62.13324488166355
579000,113.26083374023438,380.20406053221086,493.46489427244524,58.62568943207203
580000,105.28358459472656,393.80752533022314,499.0911099249497,60.72328013463327
581000,79.947265625,368.06929625198245,448.01656187698245,56.75456548608303
582000,90.78266906738281,371.03938828315586,461.82205735053867,57.212539797984135
583000,89.21952819824219,393.6878688726574,482.9073970708996,60.70482966803391
584000,99.5021743774414,388.92766991071403,488.42984428815544,59.970829232617405
585000,80.2195053100586,400.267866326496,480.4873716365546,61.719434526941996
586000,80.11963653564453,395.9776808167808,476.0973173524253,61.0579079694758
587000,96.7762451171875,396.4079516502097,493.1841967673972,61.12425372132541
588000,67.55374145507812,375.21244981884956,442.7661912739277,57.85600638597913
589000,77.98792266845703,415.6211864538491,493.6091091223061,64.08684474417487
590000,77.29954528808594,377.13943055598065,454.4389758440666,58.153137810821086
591000,104.2130355834961,386.0647505829111,490.27778616640717,59.52938045075561
592000,103.0489501953125,395.33434092998505,498.38329112529755,60.95870796527344
593000,95.33821105957031,402.81462123338133,498.15283229295164,62.11213223254163
594000,91.67951965332031,393.63075108546764,485.31027073878795,60.69602237216193
595000,86.13020324707031,360.7403996086214,446.8706028556917,55.62448387177307
596000,126.29435729980469,388.3493118658662,514.6436691656709,59.881649124781816
597000,110.34892272949219,387.2187306890264,497.5676534185186,59.707318790544
598000,94.11601257324219,368.4844437511638,462.60045632440597,56.81857929046333
599000,86.4886245727539,387.55692864209414,474.04555321484804,59.75946733450052
600000,78.98875427246094,393.7373902499676,472.7261445224285,60.71246563300064
601000,127.50352478027344,408.01998111233115,535.5235058926046,62.914774401113704
602000,104.38574981689453,385.6565613616258,490.0423111785203,59.46643958031069
603000,73.79136657714844,392.1184419495985,465.90980852674693,60.46283137046499
604000,78.0006103515625,346.8173397476785,424.817950099241,53.477613103982755
605000,76.91204071044922,385.4293797388673,462.3414204493165,59.431409235706084
606000,86.91058349609375,366.4702457655221,453.3808292616159,56.50799937346919
607000,110.26010131835938,404.8762454269454,515.1363467453048,62.43002504917369
608000,120.79197692871094,409.49017676338553,530.2821536920965,63.14147170024945
609000,69.71058654785156,382.6827624188736,452.39334896672517,59.00789367996662
610000,79.99462890625,373.5445547364652,453.5391836427152,57.59882475838612
611000,88.91079711914062,371.4466952723451,460.3574923914857,57.27534463236253
612000,70.15410614013672,372.24884314648807,442.4029492866248,57.399032086100604
613000,78.68160247802734,381.27945465315133,459.9610571311787,58.791510180180516
614000,73.47099304199219,382.01962195243686,455.49061499442905,58.90564051891216
615000,98.33427429199219,391.19883653800935,489.53311083000153,60.321032513334394
616000,100.39637756347656,397.5867343439604,497.983111907437,61.30601650422414
617000,148.31491088867188,393.3112606452778,541.6261715339497,60.64675843927055
618000,120.74461364746094,381.10799325443804,501.852606901899,58.76507163374184
619000,113.96495056152344,399.637910629157,513.6028611906804,61.622298302209245
620000,88.35736083984375,394.30190484039485,482.6592656802386,60.799511144855344
621000,76.80378723144531,426.607687742915,503.4114749743603,65.780911902785
622000,126.47889709472656,400.33184802439064,526.8107451191172,61.729300205769455
623000,88.6197509765625,367.16536562424153,455.78511660080403,56.615183607373226
624000,102.43976593017578,401.0425622498151,503.4823281799909,61.83888901814659
625000,95.33409118652344,387.11834310973063,482.45243429625407,59.69183949492997
626000,108.15165710449219,411.98147150687873,520.1331286113709,63.52561770782059
627000,80.67256164550781,398.1266535334289,478.7992151789367,61.38926952018585
628000,66.87499237060547,415.3022441538051,482.17723652441055,64.03766533193252
629000,95.18434143066406,381.84479488246143,477.0291363131255,58.878683001692714
630000,101.45519256591797,364.21615305449814,465.6713456204161,56.16042881085444
631000,118.78319549560547,390.6680682608858,509.45126375649124,60.23919052529386
632000,129.58090209960938,383.6619632765651,513.2428653761744,59.15888187639535
633000,100.60099792480469,388.5281163430773,489.12911426788196,59.90921993961049
634000,92.62060546875,390.0071560605429,482.6277615292929,60.13728095245833
635000,75.5005874633789,376.5290366378613,452.0296241012402,58.059017921031376
636000,94.84761047363281,381.5490621441277,476.3966726177605,58.83308239540729
637000,83.96021270751953,394.29773286916316,478.2579455766827,60.798867846387125
638000,94.77328491210938,395.54440423240885,490.3176891445182,60.99109874487672
639000,85.97036743164062,394.97967357421294,480.95004100585356,60.904019916381785
640000,96.34976196289062,384.4918976314366,480.8416595943272,59.28685387561492
641000,106.8714828491211,403.2057420630008,510.0772249121219,62.172441236752654
642000,106.0942153930664,419.3104514051229,525.4046667981893,64.65571215964447
643000,102.83529663085938,378.07899878546596,480.91429541632533,58.298014841184575
644000,54.99787902832031,401.0932304665912,456.0911094949115,61.846701820399765
645000,92.03173828125,393.7736571263522,485.8053954076022,60.71805781586323
646000,109.2734375,389.27649948722683,498.54993698722683,60.02461712322734
647000,60.84401321411133,387.7654094491154,448.6094226632267,59.79161410070777
648000,91.30516052246094,403.2227274943143,494.52788801677525,62.1750603108879
649000,128.04705810546875,392.7287736982107,520.7758318036795,60.55694167400721
650000,97.15988159179688,385.5169918858446,482.6768734776415,59.44491861935648
651000,71.99983215332031,377.75621544755995,449.75604760088027,58.24824315885316
652000,77.86998748779297,400.89555873256177,478.76554622035474,61.816221762736824
653000,100.05938720703125,404.26123807486147,504.3206252818927,62.335193789425325
654000,76.23077392578125,380.95123568270355,457.1820096084848,58.74090034871198
655000,74.78331756591797,375.8480109870434,450.63132855296135,57.9540069481232
656000,101.34564971923828,385.3564556357451,486.70210535498336,59.42016467978059
657000,87.46627807617188,393.87412096513435,481.3403990413062,60.7335488703337
658000,95.59617614746094,408.1807893626392,503.7769655101001,62.939570281850685
659000,92.68427276611328,395.7444119229913,488.42868468910456,61.02193899612417
660000,107.79401397705078,378.7496941599529,486.5437081370037,58.401432933756126
661000,96.73790740966797,383.24154816544615,479.9794555751141,59.094055830869934
662000,94.93525695800781,384.5337727959268,479.4690297539346,59.29331083029574
663000,115.21141052246094,401.22509236540645,516.4365028878674,61.86703430900351
664000,92.59858703613281,396.38516092998907,488.9837479661219,61.12073949876893
665000,95.8394775390625,413.288249256555,509.1277267956175,63.7271167302193
666000,86.69998931884766,391.73764028958976,478.4376296084374,60.404113533986234
667000,100.9931640625,406.06739983009174,507.06056389259174,62.61369549184796
668000,105.56471252441406,398.356269526761,503.9209820511751,61.42467523335704
669000,93.4084243774414,395.93374532973394,489.34216970717534,61.051133322684684
670000,100.99671936035156,392.4454773059115,493.44219666626304,60.51325869416499
671000,120.0787353515625,383.92934421263635,504.00807956419885,59.200110767260504
672000,90.08322143554688,374.9734499496408,465.05667138518766,57.81915372299882
673000,76.08370971679688,381.43457064032555,457.5182803571224,58.81542834054233
674000,81.94917297363281,387.19505848083645,469.14423145446926,59.70366864666187
675000,95.90640258789062,381.4034338868223,477.30983647471294,58.81062719865487
676000,102.73043823242188,387.3315374534577,490.0619756858796,59.7247130664708
677000,120.63300323486328,372.0922518959269,492.7252551307902,57.37488644701845
678000,86.05860900878906,397.5095739113167,483.56818292010576,61.294118726082885
679000,118.5653076171875,370.1727737518959,488.7380813690834,57.07891188697274
680000,111.99000549316406,398.0767746195197,510.0667801126838,61.38157842474632
681000,84.41017150878906,425.6564262043685,510.06659771315753,65.63423181880735
682000,89.21682739257812,375.3806115183979,464.59743891097605,57.881936134226144
683000,75.64163208007812,419.54402163252234,495.18565371260047,64.69172759723062
684000,78.65365600585938,386.2516464756336,464.905302481493,59.558198924044774
685000,65.88969421386719,377.92742320452817,443.81711741839536,58.27464259492002
686000,67.37828063964844,378.3779028765857,445.75618351623416,58.344104455249806
687000,90.38180541992188,377.9142692233436,468.29607464326546,58.27261431249019
688000,77.97158813476562,403.8026971593499,481.77428529411554,62.264488923025304
689000,108.9345703125,395.59125527879223,504.52582559129223,60.99832295729306
690000,95.37211608886719,401.80214089527726,497.17425698414445,61.95601249574902
691000,78.99706268310547,368.14604924991727,447.14311193302274,56.76640043969612
692000,90.50669860839844,385.68867310043424,476.1953717088327,59.471391060376085
693000,73.25106811523438,402.73911821236834,475.9901863276027,62.10049001952871
694000,108.47457122802734,408.2453936301172,516.7199648581445,62.949531957998616
695000,103.39146423339844,391.6409411439672,495.03240537736565,60.389202977608484
696000,89.56266784667969,390.6004365738481,480.1631044205278,60.228762035197015
697000,96.92695617675781,355.2008417043835,452.1277978811413,54.77030992941636
698000,81.7483139038086,382.89087075646967,464.63918466027826,59.03998301312907
699000,114.03744506835938,390.650325702969,504.68777077132836,60.236454705774456
700000,111.59275817871094,404.2711158497259,515.8638740284368,62.336716896150364
701000,107.25426483154297,407.1210389509797,514.3753037825227,62.77616172060993
702000,95.76639556884766,396.8463523447281,492.61274791357573,61.19185305976399
703000,87.16571044921875,368.03309161774814,455.1988020669669,56.74898290066916
704000,82.78118133544922,380.08093843143433,462.86211976688355,58.6067045794846
705000,87.61027526855469,401.0507052857429,488.66098055429757,61.840144636234065
706000,77.99020385742188,392.18226652406156,470.17247038148344,60.47267282159354
707000,100.17203521728516,384.1033618701622,484.27539708744735,59.22694347686262
708000,109.8690414428711,423.75952935405076,533.6285707969218,65.34173918872936
709000,133.03762817382812,393.2635621204972,526.3011902943254,60.63940354964566
710000,103.33134460449219,404.91034444049,508.2416890449822,62.43528295771683
711000,102.759033203125,386.70403855107725,489.46307175420225,59.62795566804
712000,65.04435729980469,403.9115555495955,468.9559128494002,62.281274378103504
713000,85.89834594726562,400.8857187423855,486.78406468965113,61.814704482234134
714000,69.74574279785156,397.80215678794775,467.5478995857993,61.339233638413134
715000,99.86616516113281,393.95930922962725,493.82547439076006,60.74668450263186
716000,101.86968994140625,396.40508729591966,498.2747772373259,61.123812051279074
717000,101.8739013671875,399.9530725716613,501.8269739388488,61.67089480098467
718000,96.74331665039062,403.0785960080102,499.82191265840083,62.15283590922944
719000,99.38833618164062,399.3569587878883,498.7452949695289,61.57897684117979
720000,90.66063690185547,409.00345978699625,499.6640966888517,63.06642221692943
721000,114.08219909667969,388.0522530237213,502.13445212040097,59.83584403948562
722000,111.99677276611328,386.3995863236487,498.396359089762,59.58101055728252
723000,104.76144409179688,388.8689901228063,493.63043421460316,59.96178108353398
724000,104.1319351196289,374.5738815572113,478.7058166768402,57.75754214407813
725000,78.18804168701172,377.2301303688437,455.4181720558554,58.16712329812233
726000,71.99573516845703,383.6762423464097,455.67197751486674,59.161083642238985
727000,76.99557495117188,365.2349605872296,442.23053553840145,56.31752417149147
728000,69.12397766113281,376.210757101886,445.3347347630188,58.009940703911305
729000,88.25811767578125,399.87912265211344,488.1372403278947,61.65949206896
730000,92.41297912597656,415.95298611186445,508.365965237841,64.13800670093369
731000,113.564453125,406.0394775122404,519.6039306372404,62.609390000916896
732000,86.75784301757812,364.00997795237345,450.7678209699516,56.12863757356764
733000,112.38860321044922,366.3622914645821,478.7508946750313,56.49135332473707
734000,105.56809997558594,397.977291431278,503.5453914068639,61.36623858200659
735000,104.97663879394531,406.3890854585916,511.3657242525369,62.663297912518566
736000,106.62763977050781,382.016670944402,488.6443107149098,58.90518548726331
737000,89.37110900878906,385.86986271478236,475.2409717235714,59.49932965220549
738000,79.7984390258789,381.95893040299416,461.75736942887306,58.89628216560105
739000,80.17132568359375,371.3960720654577,451.56739774905145,57.26753877042386
740000,103.93231964111328,413.5209341645241,517.4532538056374,63.76299565568641
741000,105.64159393310547,374.75711872056127,480.39871265366673,57.78579645839538
742000,102.9625244140625,350.237522163894,453.2000465779565,54.00498924997501
743000,119.57014465332031,399.80103891249746,519.3711835658178,61.64745192119826
744000,114.73782348632812,391.1271275850013,505.8649510713294,60.30997532787808
745000,99.10992431640625,406.59685964672826,505.7067839631345,62.695335721395864
746000,105.83151245117188,396.75756533257663,502.5890777837485,61.17816251739391
747000,66.03150939941406,359.17777998093516,425.2092893803492,55.38353522733998
748000,66.57673645019531,376.78264010790735,443.35937655810267,58.098122391017846
749000,72.9629135131836,379.1484096660279,452.11132317921147,58.46291300158649
750000,101.40325927734375,397.11912970617414,498.5223889835179,61.23391405420432
751000,112.04287719726562,374.9472829857841,486.99016018304974,57.81511889945092
752000,94.30235290527344,418.12250500544906,512.4248579107225,64.47253637611459
753000,98.27777862548828,390.57176902890205,488.84954765439034,60.22434163373041
754000,113.32664489746094,375.0055489651859,488.3321938626468,57.82410324119646
755000,78.69635009765625,387.5320890014991,466.22843909915537,59.75563717799696
756000,104.20014953613281,385.5640478366986,489.7641973728314,59.45217442708467
757000,70.75001525878906,398.3921027276665,469.14211798645556,61.43020054548732
758000,74.0786361694336,412.15423440746963,486.2328705769032,63.55225693976685
759000,92.8897476196289,381.892406700179,474.7821543198079,58.88602452149368
760000,65.07195281982422,394.8994114175439,459.9713642373681,60.891643866890256
761000,96.50518035888672,380.98600398469716,477.4911843435839,58.74626145840635
762000,78.81556701660156,400.12102857325226,478.9365955898538,61.696792831567876
763000,92.39289093017578,393.6834532087669,486.07634413894266,60.704148793296476
764000,87.0620346069336,403.8527267482132,490.91476135514677,62.27220325183864
765000,91.41299438476562,387.41493628313765,478.8279306679033,59.73757277628287
766000,94.35599517822266,418.48134772945195,512.8373429076746,64.52786824727585
767000,111.08871459960938,402.8195523971226,513.908266996732,62.1128925949471
768000,99.25071716308594,388.86405485728756,488.1147720203735,59.9610200886536
769000,80.9241714477539,390.45757808722556,471.38174953497946,60.20673392414069
770000,85.15617370605469,404.0406107529998,489.19678445905447,62.30117408739061
771000,99.32525634765625,391.22611617669463,490.5513725243509,60.32523890614131
772000,104.65167236328125,397.7186039108783,502.37027627415955,61.32635017521347
773000,89.31580352783203,410.0125292679295,499.3283327957615,63.2220160154853
774000,87.35115051269531,386.6297358069569,473.9808863196522,59.61649853211501
775000,83.38036346435547,397.39929812494665,480.7796615893021,61.27711471514582
776000,87.11482238769531,394.28626575134695,481.40108813904226,60.79709967040597
777000,100.72441864013672,397.4437147434801,498.1681333836168,61.283963550163826
778000,95.77249908447266,389.1602283548564,484.932727439329,60.0066886579534
779000,66.10746765136719,372.23024025186896,438.33770790323615,57.39616360668207
780000,92.55372619628906,406.01067715208046,498.5644033483695,62.60494911996495
781000,93.25167083740234,393.6128239426762,486.86449478007853,60.69325809051742
782000,60.673851013183594,408.6463560219854,469.320207035169,63.01135848511856
783000,74.62811279296875,370.76271137595177,445.3908241689205,57.16987751181058
784000,52.434207916259766,373.88028758205473,426.3144954983145,57.650593194289
785000,73.39408874511719,382.69198308186606,456.08607182698324,59.0093154631117
786000,97.81387329101562,381.56738492915974,479.38125822017537,58.83590768323645
787000,70.86141967773438,381.53469536453485,452.39611504226923,58.83086710513036
788000,84.60026550292969,395.83080632425845,480.43107182718813,61.035260609076616
789000,119.91372680664062,389.74163043056615,509.6553572372068,60.09633814112306
790000,82.30706024169922,375.1333488076925,457.44040904939175,57.843809379699486
791000,87.38218688964844,396.7044237619266,484.08661065157503,61.169968335531415
792000,106.20597839355469,389.91952294902876,496.12550134258345,60.12376833617432
793000,91.0352783203125,394.03877181373537,485.07405013404787,60.75893726177091
794000,123.275634765625,392.4647501120344,515.7403848776594,60.51623047080689
795000,102.54966735839844,378.79070109827444,481.3403684566729,58.40775601201897
796000,86.07078552246094,410.18401574436575,496.2548012668267,63.24845842879168
797000,98.85096740722656,401.25300880055875,500.1039762077853,61.87133889284987
798000,61.4420166015625,384.13197952788323,445.57399612944573,59.23135618595226
799000,105.9188461303711,389.03081559669226,494.94966172706336,59.98673381539317
800000,97.02616882324219,387.72503875149414,484.7512075747363,59.78538912778774
801000,84.90665435791016,418.9328833781183,503.83953773602843,64.59749293426411
802000,111.68109893798828,400.11715259891935,511.7982515369076,61.69619517443826
803000,91.06649780273438,419.3367250440642,510.4032228467986,64.65976343199192
804000,99.19041442871094,393.402799163945,492.59321359265596,60.660873251087516
805000,108.05038452148438,394.34040515497327,502.39078967645764,60.80544771345051
806000,88.16939544677734,407.3536381954327,495.52303364221007,62.812027437163174
807000,79.18124389648438,405.33872872032225,484.5199726168066,62.50133781181773
808000,125.83699798583984,388.68599468190223,514.5229926677421,59.93356404168832
809000,109.88629913330078,419.80573999881744,529.6920391321182,64.7320833462976
810000,101.00017547607422,392.2526190318167,493.25279450789094,60.483520849530564
811000,88.89176940917969,399.77485170867294,488.6666211178526,61.643413976741904
812000,102.63417053222656,392.6989053338766,495.3330758661032,60.552336111802425
813000,97.29434204101562,390.1743134986609,487.46865553967655,60.16305584828572
814000,96.1397476196289,395.3141252398491,491.453872859478,60.95559080032284
815000,88.64389038085938,391.96375204995275,480.6076424308121,60.43897891080894
816000,86.0712661743164,390.5219013816677,476.5931675559841,60.2166522755595
817000,91.95942687988281,406.1249529821798,498.08437986206263,62.62256991895278
818000,86.35151672363281,379.44593791943043,465.79745464306325,58.50879046790505
819000,78.05194091796875,403.4739964623004,481.52593738026917,62.21380481156591
820000,98.89500427246094,392.38497455231845,491.2799788247794,60.50392945229165
821000,115.99278259277344,383.5954436014872,499.58822619426064,59.148624853346256
822000,98.04327392578125,398.15364976786077,496.196923693642,61.39343221338124
823000,131.85023498535156,406.2465274168644,538.096762402216,62.641316128661124
824000,126.72161102294922,373.19476005388424,499.91637107683346,57.54488805293043
825000,128.20407104492188,370.24407969322056,498.44815073814243,57.08990692991076
826000,83.2943115234375,392.82752216327935,476.12183368671685,60.57216822586704
827000,101.89361572265625,384.31880656443536,486.2124222870916,59.26016404194172
828000,81.2672119140625,405.92249148432165,487.18970339838415,62.59135130209012
829000,111.00758361816406,396.5674425067846,507.57502612494864,61.148846466104956
830000,123.60153198242188,375.5663016298786,499.16783361230046,57.910568681682456
831000,124.5127944946289,385.0182690722868,509.5310635669157,59.36801789204862
832000,99.24253845214844,378.31953486427665,477.5620733164251,58.33510438050676
833000,96.86959838867188,410.16812920197845,507.0377275906503,63.246008798193714
834000,85.30166625976562,394.3785916212946,479.68025788106024,60.81133588811106
835000,96.17321014404297,379.5532724969089,475.7264826409519,58.52534095817538
836000,73.60589599609375,391.78059266507626,465.38648866117,60.41073658956884
837000,115.83091735839844,396.35163802374154,512.18255538214,61.11557042327885
838000,79.0555191040039,408.97288982756436,488.02840893156826,63.06170847203912
839000,101.73064422607422,372.22799418028444,473.95863840635866,57.39581727293968
840000,99.37770080566406,404.71667466824874,504.0943754739128,62.405419983860355
841000,92.9344253540039,391.43262039590627,484.3670457499102,60.35708089174496
842000,84.0988998413086,410.40636034845375,494.50526018976234,63.282742927720776
843000,87.83126831054688,382.8046375224367,470.63590583298355,59.02668625141099
844000,87.82029724121094,393.5730379768647,481.39333521807566,60.687123280509994
845000,112.38056945800781,377.89904197503347,490.2796114330413,58.27026634195805
846000,89.18338012695312,407.6000437790062,496.78342390595935,62.85002202669146
847000,110.14543151855469,398.795592113398,508.9410236319527,61.49241672325228
848000,128.0516357421875,400.3345631598495,528.386198902037,61.72971886696932
849000,113.38481140136719,367.24907352309674,480.6338849244639,56.62809097420783
850000,94.41117858886719,374.44812326994725,468.85930185881443,57.73815080385329
851000,97.24916076660156,406.77606557589024,504.0252263424918,62.72296843823936
852000,84.63984680175781,377.6984248533845,462.3382716551423,58.23933211928803
853000,70.31442260742188,404.6671659341082,474.9815885415301,62.3977859684113
854000,114.90164184570312,387.1679021427408,502.0695439884439,59.69948126622968
855000,98.95651245117188,388.53693593479693,487.4934483859688,59.91057987943951
856000,94.70712280273438,377.65630154684186,472.36342434957623,58.23283690226229
857000,92.16804504394531,387.66131463088095,479.82935967482626,59.77556316617341
858000,98.16531372070312,410.3205221388489,508.485835859552,63.26950707692357
859000,83.90669250488281,397.76556774019264,481.67226024507545,61.333591778230726
860000,87.60833740234375,369.5584424259141,457.16677982825786,56.984184867290246
861000,103.376220703125,386.91637983638793,490.29260053951293,59.66069770195938
862000,93.34002685546875,409.4925194531679,502.83254630863667,63.14183293206645
863000,116.74992370605469,419.82847902551293,536.5784027315676,64.73558959795407
864000,93.98532104492188,385.7774701388553,479.76279118377715,59.485083148750086
865000,86.45278930664062,413.46639142371714,499.91918073035777,63.75458541993343
866000,126.69564819335938,385.1251368406229,511.82078503398225,59.384496402530594
867000,108.41947937011719,401.2980917952955,509.71757116541266,61.87829047996444
868000,92.39617919921875,378.37378970719874,470.7699689064175,58.34347022375126
869000,122.93354797363281,369.2015379879158,492.1350859615486,56.92915187077325
870000,121.77665710449219,391.854496832937,513.6311539374292,60.42213226689716
871000,90.83474731445312,416.29150028619915,507.1262476006523,64.19020400473187
872000,116.45941925048828,378.7826219634153,495.2420412139036,58.40651024717767
873000,83.6424560546875,398.3872534930706,482.0297095477581,61.42945281617322
874000,79.82221984863281,398.7033140975982,478.525533946231,61.47818788443316
875000,79.52935791015625,410.5820961808786,490.11145409103483,63.309840571863255
876000,64.54644012451172,359.51648539165035,424.06292551616207,55.43576201889439
877000,70.35430908203125,408.1592256631702,478.51353474520147,62.93624526016021
878000,83.40642547607422,396.94310274207965,480.34952821815386,61.20677151891885
879000,76.84722900390625,383.16347719170153,460.0107061956078,59.08201765154591
880000,92.89276123046875,372.44787127897143,465.3406325094402,57.42972129406666
881000,88.42082214355469,394.09229996521026,482.51312210876495,60.76719105259011
882000,106.5701904296875,400.9856364510488,507.5558268807363,61.83011132599234
883000,97.72444152832031,402.607914455235,500.3323559835553,62.08025901329682
884000,107.45991516113281,397.0186184751801,504.47853363631293,61.21841569207625
885000,105.81845092773438,377.49316130485386,483.31161223258823,58.20768143930571
886000,91.08714294433594,394.0876462077722,485.17478915210813,60.76647346494026
887000,89.75680541992188,383.2650678656064,473.0218732855283,59.09768245872657
888000,111.56138610839844,371.2149109169841,482.7762970253825,57.23960456789929
889000,87.31170654296875,380.4847355133388,467.79644205630757,58.668968202561565
890000,84.12147521972656,382.7972451336682,466.91872035339475,59.02554637960768
891000,71.14073944091797,372.38762204226805,443.528361483186,57.420431143313024
892000,80.53925323486328,408.10779332323,488.6470465580933,62.92831463368589
893000,85.91009521484375,389.29060897417367,475.2007041890174,60.026792740180596
894000,95.21217346191406,410.0775269214064,505.28970038332045,63.232038349915975
895000,120.37071990966797,399.1847637742758,519.5554836839437,61.552425174751846
896000,63.533912658691406,391.19083021301776,454.72474287170917,60.319797975434426
897000,98.5368881225586,387.62383480742574,486.16072292998433,59.769783952540664
898000,87.6205062866211,379.9344312120229,467.554937498644,58.58411385088284
899000,100.40863037109375,362.0633663786575,462.47199674975127,55.82847916545963
900000,94.56217193603516,365.5628007677733,460.12497270380845,56.368075595326886
901000,99.3941650390625,381.6926076714881,481.0867727105506,58.85521644493483
902000,109.46316528320312,394.00933079700917,503.4724960802123,60.75439759457026
903000,106.81111907958984,402.86583755631,509.67695663589984,62.12002955020222
904000,99.00337982177734,392.2341216863133,491.23750150809065,60.48066864529244
905000,87.80195617675781,391.1053848871961,478.90734106395394,60.30662270548063
906000,95.33709716796875,376.3421305026859,471.67922767065465,58.03019786840384
907000,85.81016540527344,410.4787072993349,496.28887270460837,63.29389848946776
908000,91.3720932006836,385.4000586895272,476.7721518902108,59.42688806691575
909000,88.02484893798828,361.18743173778057,449.21228067576885,55.69341413709839
910000,71.37849426269531,376.63709698594175,448.01559124863707,58.07568032173698
911000,86.95137786865234,378.6208682511933,465.57224611984566,58.381568580631715
912000,107.60322570800781,404.06501974118873,511.66824544919655,62.304937839305616
913000,92.76995849609375,386.5952689964324,479.3652274925262,59.6111839109963
914000,91.4756088256836,390.38893597200513,481.8645447976887,60.196149630739825
915000,70.20477294921875,390.3780230451375,460.5827959943563,60.19446690841319
916000,68.39485931396484,383.1537064369768,451.54856575094163,59.08051104682631
917000,84.8109130859375,381.5503366049379,466.3612496908754,58.83327891130864
918000,58.07130813598633,427.2160094771534,485.28731761313975,65.87471227150363
919000,60.65910339355469,393.6921242773533,454.351227670908,60.70548583155241
920000,107.18247985839844,370.8696490433067,478.05212890170515,57.18636680039462
921000,93.16363525390625,399.7336679743603,492.89730322826654,61.6370636373634
922000,114.18074798583984,372.03876367770135,486.2195116635412,57.366638813719696
923000,87.41287231445312,386.52740921638906,473.9402815308422,59.60072025002387
924000,78.23700714111328,404.7360003949143,482.9730075360276,62.40839992060264
925000,99.72781372070312,375.65323802875355,475.3810517494567,57.92397386813325
926000,79.48023986816406,384.0070056102704,463.4872454784345,59.21208579186224
927000,99.82374572753906,389.54133086651564,489.3650765940547,60.065452884350776
928000,92.18338775634766,385.01084490446374,477.1942326608114,59.3668731200636
929000,108.21800231933594,356.31318746856414,464.5311897879001,54.94182844823663
930000,111.69941711425781,383.31288049090654,495.01229760516435,59.10505494211839
931000,91.54696655273438,391.59422992914915,483.1411964818835,60.38200032656608
932000,106.917236328125,395.4562007798231,502.3734371079481,60.97749818466469
933000,83.12908935546875,399.0971210282296,482.22621038369834,61.53891107286802
934000,114.89937591552734,377.90655720746145,492.8059331229888,58.271425155679594
935000,84.37480926513672,409.3460055971518,493.72081486228853,63.11924118013126
936000,92.3467025756836,395.8819415309699,488.2286441066535,61.04314541899557
937000,99.79408264160156,394.82503893598914,494.6191215775907,60.88017597777877
938000,106.64122772216797,389.4253323858138,496.0665601079818,60.04756646069002
939000,83.50222778320312,400.35400667600334,483.85623445920646,61.73271696630026
940000,96.21117401123047,407.29224868584424,503.5034226970747,62.80256146165916
941000,120.94602966308594,407.45333536714315,528.3993650302291,62.82740027515382
942000,74.20628356933594,394.9885565508157,469.19484012015164,60.90538962986359
943000,102.17056274414062,408.89161252230406,511.0621752664447,63.04917589137864
944000,104.91793823242188,403.76823953632265,508.6861777687445,62.25917571857573
945000,83.2906494140625,392.906471666327,476.1971210803895,60.5843418703042
946000,106.3855972290039,383.3379951501265,489.7235923791304,59.108927505208754
947000,78.30543518066406,401.41261559468694,479.718050775351,61.895949514658355
948000,83.57476806640625,399.9989816993475,483.57374976575375,61.67797377393951
949000,107.40059661865234,392.08171764877625,499.4823142674286,60.45716865489167
950000,110.87065124511719,392.46387659665197,503.33452784176916,60.516095778816876
951000,104.9351806640625,373.9018785310909,478.8370591951534,57.653922417735394
952000,79.3160400390625,386.38773575704545,465.70377579610795,59.57918325529026
953000,93.73711395263672,399.97619704250246,493.7133109951392,61.67446048632721
954000,100.65058898925781,405.7840068563819,506.4345958456397,62.56999761960354
955000,102.27369689941406,351.34944207267836,453.6231389720924,54.1764421038832
956000,90.69097137451172,377.85049357637763,468.54146495088935,58.262780405753055
957000,92.04337310791016,398.82418468780816,490.8675577957183,61.4968255646126
958000,91.89328002929688,411.7717609638348,503.6650409931317,63.493281322065236
959000,52.89025115966797,380.216582223773,433.10683338344097,58.62762021839678
960000,89.21542358398438,390.44144592806697,479.65686951205134,60.204246420584376
961000,101.93742370605469,395.4856480527669,497.4230717588216,60.98203881654487
962000,80.91899871826172,406.63229195587337,487.5512906741351,62.70079921789007
963000,82.39515686035156,377.4447883325629,459.83994519291446,58.200222553026414
964000,80.61149597167969,393.8708255337551,474.4823215054348,60.73304073021464
965000,79.8583984375,402.57049428345636,482.42889272095636,62.074488997673846
966000,102.03814697265625,384.80066308006644,486.8388100527227,59.33446406492586
967000,64.63258361816406,392.11635021679103,456.7489338349551,60.46250883504079
968000,81.40125274658203,404.51155119296163,485.91280393954366,62.37379090251763
969000,105.89202880859375,386.3424781002104,492.2345069088042,59.57220473609633
970000,115.06262969970703,377.6600229740143,492.7226526737213,58.233410728941976
971000,100.89109802246094,386.9040698520839,487.79516787454486,59.65879955990453
972000,76.19389343261719,407.38494004681706,483.57883347943425,62.8168540363724
973000,102.73225402832031,385.822042520158,488.5542965484783,59.49195600165923
974000,105.22774505615234,377.44851489400025,482.6762599501526,58.20079717138575
975000,105.70584106445312,409.13345006201416,514.8392911264673,63.086466109889756
976000,88.15818786621094,387.4542619260028,475.61244979221374,59.74363660664308
977000,78.69134521484375,377.31410965672694,456.0054548715707,58.18007251187686
978000,114.46495056152344,405.37095960229635,519.8359101638198,62.50630766320252
979000,111.60038757324219,406.1836023693904,517.7839899426326,62.631613380390775
980000,61.30274200439453,388.7967465382535,450.09948854264803,59.95064146039181
981000,89.75654602050781,386.9196340329945,476.6761800535023,59.661199483869176
982000,106.77210235595703,386.52812842465937,493.3002307806164,59.60083114857828
983000,93.19355773925781,393.4683169964701,486.6618747357279,60.6709757946966
984000,95.73628234863281,391.8930532000959,487.6293355487287,60.428077478538306
985000,101.04872131347656,383.7224712118041,484.77119252528064,59.16821191725428
986000,98.69242858886719,399.89643016830087,498.58885875716805,61.6621608070777
987000,94.03373718261719,406.3341542677954,500.36789145041257,62.65482777959247
988000,103.11750793457031,400.317905258853,503.4354131934233,61.7271502964784
989000,146.67108154296875,349.41319060418755,496.0842721471563,53.87788117558791
990000,97.66694641113281,392.79126101359725,490.45820742473006,60.56657692603521
991000,116.94502258300781,391.47018107026815,508.41520365327597,60.362872572209696
992000,94.98577880859375,407.6172741604969,502.60305296909064,62.85267887099936
993000,102.03741455078125,419.1583212185651,521.1957357693464,64.63225439578498
994000,97.5787353515625,405.4928114369977,503.0715467885602,62.52509664669714
995000,113.7928466796875,416.8061308832839,530.5989775629714,64.26955763792215
996000,86.18724822998047,390.37052308395505,476.5577713139355,60.19331044944634
997000,67.7983627319336,376.32565132621676,444.12401405815035,58.02765685639986
998000,122.66015625,371.7179621718824,494.3781184218824,57.31717272063495
999000,69.89173889160156,379.71016981452703,449.6019087061286,58.54953379136745
1000000,85.16134643554688,383.53414542321116,468.69549185875803,59.13917296070384
