#"Step","Potential Energy","Kinetic Energy","Total Energy","Temperature"
20000,-18.990597361698747,94.63545989990234,75.6448625382036,0.9857860406235986
40000,-43.18823112733662,100.06551361083984,56.87728248350322,1.042349100112509
60000,-56.63782093115151,113.53417205810547,56.89635112695396,1.1826476256048044
80000,-23.27090108045377,113.34061431884766,90.06971323839389,1.180631399154203
100000,-22.3071565348655,101.08014678955078,78.77299025468528,1.052918195724077
120000,-28.577752880286425,121.88297271728516,93.30521983699873,1.2696142991378923
140000,-7.6784762176685035,130.8460693359375,123.167593118269,1.3629798889154843
160000,-15.678173340857029,118.48975372314453,102.8115803822875,1.2342682679489412
180000,-19.74882485764101,90.02198028564453,70.27315542800352,0.9377289613084318
200000,-18.44915099442005,117.35269927978516,98.9035482853651,1.2224239508306192
220000,-35.39307626103982,107.89408111572266,72.50100485468283,1.1238966782883397
240000,-11.021974382922053,108.92830657958984,97.90633219666779,1.1346698602036187
260000,-35.287431658711284,98.83715057373047,63.549718915019184,1.0295536518092911
280000,-4.805265158647671,122.17803192138672,117.37276676273905,1.272687832513949
300000,-14.229556679725647,92.5596694946289,78.33011281490326,0.9641632239020087
320000,-29.112399607896805,113.25379943847656,84.14139983057976,1.1797270774836712
340000,-12.14123435690999,114.94947052001953,102.80823616310954,1.1973903179164036
360000,-28.29806590732187,137.0908203125,108.79275440517813,1.4280293782546518
380000,-26.233934491872787,113.50617980957031,87.27224531769753,1.1823560396825634
400000,-34.19645901583135,109.4657974243164,75.26933840848505,1.1402687231695183
420000,-29.05608255509287,127.96946716308594,98.91338460799307,1.3330152829482924
440000,4.333891354966909,143.77980041503906,148.11369177000597,1.49770625432274
460000,-19.75574209773913,105.16388702392578,85.40814492618665,1.0954571564988
480000,-8.36144063808024,127.09161376953125,118.73017313145101,1.3238709767654346
500000,-21.770820800215006,97.24972534179688,75.47890454158187,1.0130179723099892
520000,-22.082747526001185,103.6031265258789,81.52037899987772,1.0791992346441515
540000,13.75422509945929,75.2882080078125,89.04243310727179,0.7842521667477412
560000,14.389473718125373,105.70465850830078,120.09413222642615,1.1010901927943708
580000,-17.41717765852809,111.83743286132812,94.42025520280004,1.1649732589717139
600000,-13.875916956923902,97.7011947631836,83.82527780625969,1.0177207787827658
620000,-33.2593265096657,95.6121826171875,62.3528561075218,0.995960235595315
640000,-12.05764418747276,120.35540771484375,108.29776352737099,1.2537021636958006
660000,-12.141900429036468,117.50794982910156,105.3660494000651,1.2240411440526644
680000,-28.773194782435894,107.14961242675781,78.37641764432192,1.1161417961116256
700000,-8.763621289283037,102.44908905029297,93.68546776100993,1.0671780109401359
720000,-26.554194999160245,117.08485412597656,90.53065912681632,1.2196338971451137
740000,-23.85725626349449,122.971923828125,99.11466756463051,1.2809575398758029
760000,-4.769189719809219,108.41761016845703,103.64842044864781,1.1293501059209874
780000,-33.82346878293902,126.19498443603516,92.37151565309614,1.314531087874854
800000,-14.722075764089823,87.0242919921875,72.30221622809768,0.9065030415849331
820000,-14.883878968656063,118.03324127197266,103.1493623033166,1.2295129299159027
840000,13.834183768602088,116.88904571533203,130.72322948393412,1.2175942262009007
860000,-29.55784997344017,88.64939880371094,59.09154883027077,0.9234312375382958
880000,-40.04882085323334,116.88113403320312,76.83231317996979,1.2175118128453912
900000,-9.692038056906313,96.73994445800781,87.0479064011015,1.0077077547705222
920000,-27.693670719861984,99.57809448242188,71.88442376255989,1.0372718175248237
940000,-43.318599347025156,110.50337219238281,67.18477284535766,1.1510767936702058
960000,-25.65108221769333,110.19171905517578,84.54063683748245,1.1478304068243004
980000,-50.77960590273142,101.12665557861328,50.34704967588186,1.0534026622768111
1000000,-30.148487087339163,99.89073944091797,69.7422523535788,1.04052853584249
1020000,-1.3598348684608936,109.06027221679688,107.70043734833598,1.136044502257858
1040000,-15.450026222504675,108.5110092163086,93.06098299380392,1.1303230126694406
1060000,10.44151067873463,125.56140899658203,136.00291967531666,1.3079313437138864
1080000,6.7570721744559705,100.95113372802734,107.70820590248331,1.0515743096665418
1100000,6.9469053745269775,100.72809600830078,107.67500138282776,1.0492510000860575
1120000,3.55270853638649,126.48511505126953,130.03782358765602,1.3175532817835443
1140000,-43.91532136313617,94.45327758789062,50.53795622475445,0.9838883082068106
1160000,16.905752953141928,107.0342788696289,123.94003182277083,1.114940404891533
1180000,-22.11222203820944,116.86023712158203,94.7480150833726,1.2172941366826717
1200000,-34.82461021654308,110.66455078125,75.83994056470692,1.1527557373042383
1220000,-16.917835153639317,107.03180694580078,90.11397179216146,1.1149146556849905
1240000,-12.295950140338391,112.0854263305664,99.78947619022802,1.1675565242762784
1260000,-34.8166672186926,128.06231689453125,93.24564967583865,1.3339824676508474
1280000,-51.08633049298078,103.82182312011719,52.73549262713641,1.081477324167466
1300000,-25.49338779086247,98.17959594726562,72.68620815640315,1.022704124450285
1320000,13.035582475364208,84.34590911865234,97.38149159401655,0.8786032199856195
1340000,-37.59607673063874,102.59077453613281,64.99469780549407,1.068653901417634
1360000,-34.10801276564598,102.26876068115234,68.16074791550636,1.0652995904282552
1380000,-53.029757601208985,112.01016998291016,58.98041238170117,1.166772603988193
1400000,14.282826237380505,96.38938903808594,110.67221527546644,1.0040561358130038
1420000,87.04768482875079,101.93098449707031,188.9786693258211,1.0617810885107353
1440000,117.39692142652348,108.7890625,226.18598392652348,1.133219401041225
1460000,101.23882849188522,107.49897766113281,208.73780615301803,1.1197810173030305
1480000,102.13531518727541,106.26751708984375,208.40283227711916,1.1069533030187744
1500000,91.03538169222884,116.85829162597656,207.8936733182054,1.2172738711034483
1520000,100.06452031061053,99.40676879882812,199.47128910943866,1.0354871749873893
1540000,94.41455119848251,109.10404968261719,203.5186008810997,1.1365005175268195
1560000,98.95031412690878,124.55939483642578,223.50970896333456,1.2974936962122627
1580000,89.41065208986402,101.57414245605469,190.9847945459187,1.058063983916824
1600000,90.5145501838997,114.07685852050781,204.5914087044075,1.18830060958816
1620000,110.97894591838121,105.62898254394531,216.60792846232653,1.1003019014990014
1640000,85.34443462919444,95.28147888183594,180.62591351103038,0.9925154050187377
1660000,90.63681616820395,110.64636993408203,201.28318610228598,1.152566353479572
1680000,90.8022984052077,110.37969970703125,201.18199811223894,1.1497885386144608
1700000,98.00115650892258,112.82853698730469,210.82969349622726,1.175297260283966
1720000,-16.036175966262817,101.11698150634766,85.08080554008484,1.053301890690711
1740000,4.309425068087876,140.95635986328125,145.26578493136913,1.4682954152419407
1760000,-25.862615203484893,115.66526794433594,89.80265274085104,1.2048465410863631
1780000,-17.264868846628815,94.84823608398438,77.58336723735556,0.9880024592077856
1800000,-31.74549690913409,109.97206115722656,78.22656424809247,1.1455423037206636
1820000,-12.374784097541124,99.43775177001953,87.06296767247841,1.035809914270633
1840000,-36.030547441449016,100.63594055175781,64.6053931103088,1.0482910474137355
1860000,-0.9891807362437248,108.6513442993164,107.66216356307268,1.1317848364507714
1880000,-16.74604268372059,111.48102569580078,94.73498301208019,1.1612606843308055
1900000,-42.98686658963561,102.58875274658203,59.60188615694642,1.0686328411098132
1920000,-1.9028887352906168,135.23971557617188,133.33682684088126,1.4087470372512414
1940000,2.0438671675510705,102.64257049560547,104.68643766315654,1.0691934426621406
1960000,-43.31612063199282,97.32557678222656,54.009456150233746,1.0138080914811316
1980000,5.606397723779082,91.36634826660156,96.97274599038064,0.9517327944433954
2000000,-47.69475343450904,107.78234100341797,60.08758756890893,1.1227327187851663
2020000,-2.7895419597625732,110.93923950195312,108.14969754219055,1.155617078144895
2040000,-9.31595330638811,93.10393524169922,83.78798193531111,0.9698326587673223
2060000,-8.195710454368964,116.73365020751953,108.53793975315057,1.2159755229945213
2080000,-33.15143806952983,130.20767211914062,97.0562340496108,1.3563299179071862
2100000,-22.596788903698325,117.20403289794922,94.6072439942509,1.2208753426864951
2120000,25.856393381021917,103.80033111572266,129.65672449674457,1.0812534491216896
2140000,-13.113273130729795,104.24134826660156,91.12807513587177,1.0858473777766764
2160000,-11.130646526813507,127.79605865478516,116.66541212797165,1.3312089443201598
2180000,-15.99037650669925,107.48944854736328,91.49907204066403,1.1196817557012646
2200000,-23.163947498891503,106.34455871582031,83.18061121692881,1.10775581995603
2220000,-21.902128669433296,117.0094985961914,95.10736992675811,1.2188489437098524
2240000,-28.232661704998463,74.3291015625,46.09643985750154,0.7742614746090732
2260000,19.31138599384576,109.08340454101562,128.3947905348614,1.13628546396847
2280000,115.45863741636276,112.31328582763672,227.77192324399948,1.169930060704093
2300000,75.96355260908604,87.84931945800781,163.81287206709385,0.9150970776872247
2320000,74.78320420533419,96.41777038574219,171.20097459107637,1.0043517748510897
2340000,81.6480763265863,92.32889556884766,173.97697189543396,0.9617593288417884
2360000,78.577243745327,131.77333068847656,210.35057443380356,1.3726388613377627
2380000,97.35747836623341,115.88481140136719,213.2422897676006,1.2071334520971044
2400000,91.08126632124186,80.13605499267578,171.21732131391764,0.8347505728400474
2420000,101.83583852089942,94.20706176757812,196.04290028847754,0.9813235600785565
2440000,111.49671975895762,120.15845489501953,231.65517465397716,1.2516505718226323
2460000,95.16345298290253,106.91310119628906,202.0765541791916,1.1136781374609104
2480000,78.29491430334747,92.94894409179688,171.24385839514434,0.9682181676225068
2500000,105.63883720897138,119.95398712158203,225.5928243305534,1.249520699182659
2520000,134.9655886804685,103.59054565429688,238.55613433476537,1.0790681838985052
2540000,78.1696480200626,123.49580383300781,201.6654518530704,1.286414623259997
2560000,94.27333967387676,113.75394439697266,208.02728407084942,1.1849369208013367
2580000,99.9406366944313,110.22528076171875,210.16591745615005,1.148180007934123
2600000,117.80819505266845,108.14143371582031,225.94962876848876,1.1264732678726894
2620000,92.65692698583007,117.67359161376953,210.3305185995996,1.2257665793096215
2640000,111.45442356728017,127.64759063720703,239.1020142044872,1.3296624024703885
2660000,85.71964839845896,123.2768783569336,208.99652675539255,1.2841341495508911
2680000,108.52440705522895,90.82552337646484,199.3499304316938,0.9460992018378067
2700000,83.94115157984197,115.71246337890625,199.65361495874822,1.2053381601964703
2720000,141.7633603643626,93.40585327148438,235.16921363584697,0.9729776382442497
2740000,105.16640025377274,85.23368835449219,190.40008860826492,0.8878509203589476
2760000,119.73019385943189,120.17345428466797,239.90364814409986,1.2518068154648034
2780000,128.33047485351562,111.96012878417969,240.2906036376953,1.166251341501417
2800000,102.267578125,103.85977935791016,206.12735748291016,1.081872701644476
2820000,113.75549425184727,104.4505615234375,218.20605577528477,1.0880266825353835
2840000,101.75111123733222,115.03680419921875,216.78791543655097,1.198300043741395
2860000,93.72706842422485,91.76992797851562,185.49699640274048,0.9559367497758319
2880000,105.20704650878906,97.67182159423828,202.87886810302734,1.017414808272919
2900000,100.9490986787714,99.77648162841797,200.72558030718938,1.0393383502956155
2920000,114.07073645736091,113.1576919555664,227.22842841292731,1.178725957870024
2940000,110.92691188305616,80.58077239990234,191.5076842829585,0.839383045831989
2960000,85.47077962197363,100.92931365966797,186.4000932816416,1.0513470172877983
2980000,114.87398047372699,115.37787628173828,230.25185675546527,1.2018528779343054
3000000,103.79359423462301,106.78875732421875,210.58235155884176,1.1123828887935117
3020000,85.63421253114939,135.7176055908203,221.3518181219697,1.4137250582371608
3040000,83.37380852457136,88.24568176269531,171.61949028726667,0.9192258516943845
3060000,113.21839999221265,98.8028564453125,212.02125643752515,1.0291964213049374
3080000,116.11026451550424,110.3641586303711,226.47442314587533,1.149626652399251
3100000,99.47449021972716,88.73432922363281,188.20881944335997,0.9243159294124815
3120000,104.38729572668672,100.27593994140625,204.66323566809297,1.044541041055908
3140000,90.53616755269468,115.74820709228516,206.28437464497983,1.2057104905441671
3160000,86.98053985275328,117.61839294433594,204.59893279708922,1.2251915931696886
3180000,114.13748931884766,116.7361068725586,230.87359619140625,1.2160011132553448
3200000,95.78786441497505,97.14067840576172,192.92854282073677,1.0118820667262902
3220000,117.05402978789061,104.49343872070312,221.54746850859374,1.0884733200069
3240000,78.49683313444257,103.4319076538086,181.92874078825116,1.077415704726753
3260000,106.65814077667892,97.68547821044922,204.34361898712814,1.0175570646917829
3280000,96.7209554919973,116.42288970947266,213.14384520146996,1.2127384344732008
3300000,107.17321689426899,124.4358901977539,231.6091070920229,1.2962071895594314
3320000,114.43745671212673,110.66197204589844,225.09942875802517,1.1527288754776595
3340000,70.41157825291157,110.99917602539062,181.4107542783022,1.1562414169307018
3360000,106.52060729265213,118.8456802368164,225.36628752946854,1.2379758357996884
3380000,80.7750802198425,107.68058013916016,188.45566035900265,1.121672709782481
3400000,100.93698604404926,97.22138214111328,198.15836818516254,1.012722730636202
3420000,92.32436153292656,111.72018432617188,204.04454585909843,1.163751920063837
3440000,110.2462571784854,98.04425811767578,208.29051529616117,1.0212943553920582
3460000,106.87499507027678,107.82904052734375,214.70403559762053,1.123219172159393
3480000,103.02092553675175,112.61331176757812,215.63423730432987,1.173055330911815
3500000,112.11099671479315,120.96133422851562,233.07233094330877,1.2600138982132132
3520000,101.64595871418715,118.14244842529297,219.7884071394801,1.2306505044296556
3540000,104.29749693721533,100.56397247314453,204.86146941035986,1.0475413799281805
3560000,106.09812520630658,99.36859893798828,205.46672414429486,1.035089572270308
3580000,94.35815281700343,94.96591186523438,189.3240646822378,0.9892282485958058
3600000,109.0105209350586,106.66987609863281,215.6803970336914,1.111144542693659
3620000,101.91333899181336,106.56021881103516,208.47355780284852,1.110002279281184
3640000,78.41744159720838,106.58946990966797,185.00691150687635,1.1103069782252752
3660000,83.87661198526621,123.49248504638672,207.36909703165293,1.2863800525660272
3680000,117.63818214461207,99.96044158935547,217.59862373396754,1.0412545998887137
3700000,103.60789505299181,118.00859069824219,221.616485751234,1.2292561531062105
3720000,83.87269004061818,97.03351593017578,180.90620597079396,1.0107657909389371
3740000,87.14091646671295,108.13584899902344,195.2767654657364,1.1264150937393884
3760000,76.3355970387347,113.42633056640625,189.76192760514095,1.181524276732938
3780000,108.60870384960435,96.98258972167969,205.59129357128404,1.0102353096004364
3800000,88.94769374467432,96.55823516845703,185.50592891313136,1.0058149496710356
3820000,114.93786755204201,110.56509399414062,225.50296154618263,1.1517197291051826
3840000,105.55410766601562,114.25950622558594,219.81361389160156,1.1902031898493897
3860000,87.48872050642967,111.35029602050781,198.83901652693748,1.1598989168798377
3880000,122.03656568750739,92.96971893310547,215.00628462061286,0.9684345722194713
3900000,105.08271157182753,98.94020080566406,204.0229123774916,1.0306270917252658
3920000,73.29812804423273,112.15306091308594,185.45118895731866,1.1682610511775233
3940000,102.41658003628254,109.0340576171875,211.45063765347004,1.135771433511927
3960000,83.84163284301758,105.4208984375,189.26253128051758,1.0981343587235304
3980000,106.98690456151962,117.1983871459961,224.18529170751572,1.2208165327703169
4000000,113.72457230929285,110.80711364746094,224.5316859567538,1.1542407671606014
4020000,105.9443039149046,112.63910675048828,218.58341066539288,1.1733240286504625
4040000,59.95076088607311,124.49752807617188,184.448288962245,1.2968492507929517
4060000,125.41291920165531,103.95801544189453,229.37093464354984,1.0828959941859793
4080000,89.8761685937643,101.51986694335938,191.39603553712368,1.0574986139929146
4100000,99.38483119942248,94.27980041503906,193.66463161446154,0.9820812543229409
4120000,40.05562114901841,98.28135681152344,138.33697796054184,1.0237641334529701
4140000,87.2915268233046,111.88517761230469,199.17670443560928,1.1654706001277195
4160000,109.59142296155915,108.47122955322266,218.0626525147818,1.1299086411789625
4180000,56.62558931671083,90.82072448730469,147.44631380401552,0.9460492134090551
4200000,92.5666655022651,103.19963836669922,195.76630386896431,1.0749962329860314
4220000,97.42644177004695,108.35108184814453,205.77752361819148,1.1286571025843992
4240000,89.75608052313328,99.31226348876953,189.0683440119028,1.0345027446742794
4260000,100.5853516110219,120.42543029785156,221.01078190887347,1.2544315656021316
4280000,112.55684411525726,98.20977783203125,210.7666219472885,1.0230185190832601
4300000,101.37013402581215,105.36868286132812,206.73881688714027,1.09759044647174
4320000,91.83110046386719,119.30905151367188,211.14015197753906,1.2428026199335978
4340000,145.91527599655092,90.8558578491211,236.771133845672,0.9464151859279759
4360000,108.82634558994323,106.20011138916016,215.0264569791034,1.1062511603033205
4380000,112.80498874653131,111.47844696044922,224.28343570698053,1.1612338225042267
4400000,58.793549810536206,105.39285278320312,164.18640259373933,1.0978422164912716
4420000,115.6477483920753,119.76830291748047,235.41605130955577,1.2475864887232688
4440000,95.49509811401367,111.81233978271484,207.30743789672852,1.1647118727361592
4460000,83.848379323259,126.46247100830078,210.31085033155978,1.3173174063359534
4480000,112.31808125600219,82.68690490722656,195.00498616322875,0.8613219261166076
4500000,107.27780714770779,129.21678161621094,236.49458876391873,1.346008141835006
4520000,131.33317974815145,99.74364471435547,231.07682446250692,1.0389962991074646
4540000,110.66843635961413,104.70393371582031,215.37237007543445,1.0906659762060367
4560000,91.85443350858986,97.86656951904297,189.72100302763283,1.0194434324896338
4580000,108.22847048658878,98.21823120117188,206.44670168776065,1.0231065750118085
4600000,88.80804693698883,115.24159240722656,204.0496393442154,1.2004332542414755
4620000,94.2810748256743,104.11128997802734,198.39236480370164,1.0844926039373621
4640000,100.98025683336891,107.50885009765625,208.48910693102516,1.1198838551834827
4660000,105.4703867007047,100.59921264648438,206.06959934718907,1.047908465067137
4680000,79.40912946918979,117.67959594726562,197.08872541645542,1.225829124450206
4700000,101.06590502522886,111.75426483154297,212.82016985677183,1.1641069253281189
4720000,58.27202729135752,110.3332290649414,168.60525635629892,1.149304469426025
4740000,80.59583776630461,107.29190063476562,187.88773840107024,1.1176239649450397
4760000,116.24207874760032,97.4615707397461,213.7036494873464,1.0152246952052928
4780000,95.51280222088099,108.94760131835938,204.46040353924036,1.1348708470658013
4800000,107.15895949676633,106.0186767578125,213.17763625457883,1.104361216226783
4820000,106.02129896357656,127.09770965576172,233.11900861933827,1.3239344755803353
4840000,100.804352725856,135.643310546875,236.447663272731,1.4129511515293973
4860000,133.90244311094284,131.15660095214844,265.0590440630913,1.3662145932510137
4880000,95.13409883249551,93.7962417602539,188.93034059274942,0.9770441850022641
4900000,118.29852225072682,117.89398193359375,236.19250418432057,1.2280623118077896
4920000,88.99538899958134,99.37477111816406,188.3701601177454,1.0351538658138058
4940000,95.87852352880873,113.14344024658203,209.02196377539076,1.1785775025681036
4960000,118.43726825714111,109.90960693359375,228.34687519073486,1.1448917388911553
4980000,93.22882951796055,102.67949676513672,195.90832628309727,1.0695780913030908
5000000,103.33485310338438,105.52025604248047,208.85510914586484,1.0991693337754098
5020000,103.14649223349988,108.7936782836914,211.9401705171913,1.133267482121344
5040000,96.01805640757084,117.94567108154297,213.9637274891138,1.2286007404322605
5060000,54.263179594650865,112.87954711914062,167.1427267137915,1.1758286158239233
5080000,-7.601158444304019,98.7171630859375,91.11600464163348,1.0283037821447816
5100000,16.53787711262703,121.94815063476562,138.48602774739265,1.2702932357783137
5120000,6.870761718600988,101.56278228759766,108.43354400619864,1.05794564882873
5140000,-18.313244661316276,119.49394226074219,101.18069759942591,1.2447285652155793
5160000,-6.820862136781216,114.29556274414062,107.47470060735941,1.1905787785843343
5180000,-30.799744960851967,104.431640625,73.63189566414803,1.087829589843326
5200000,-19.483703901525587,116.074951171875,96.59124727034941,1.2091140747065598
5220000,-20.549144756048918,95.75892639160156,75.20978163555264,0.9974888165787943
5240000,-37.20956857362762,99.50032806396484,62.29075949033722,1.0364617506658966
5260000,-36.07202862761915,109.46576690673828,73.39373827911913,1.1402684052780794
5280000,-39.428466238081455,127.46463012695312,88.03616388887167,1.3277565638219109
5300000,-32.70678393822163,104.9206771850586,72.21389324683696,1.0929237206772677
5320000,-19.14161632885225,105.0260009765625,85.88438464771025,1.094020843505433
5340000,-57.58679500222206,99.45670318603516,41.869908183813095,1.0360073248541293
5360000,-20.957599882036448,92.65421295166016,71.69661306962371,0.9651480515794173
5380000,-25.028017673641443,106.5923080444336,81.56429037079215,1.110336542129084
5400000,-52.042329750955105,86.27909088134766,34.23676113039255,0.8987405300136878
5420000,-29.320753149688244,122.14498138427734,92.8242282345891,1.2723435560857266
5440000,-15.799958212301135,106.6737289428711,90.87377073056996,1.1111846764878075
5460000,7.910644495859742,109.22032928466797,117.13097378052771,1.1377117633815146
5480000,-13.073846006765962,128.18028259277344,115.10643658600748,1.3352112770075364
5500000,-11.842573549598455,110.98591613769531,99.14334258809686,1.1561032931005424
5520000,-21.787119003478438,86.97065734863281,65.18353834515437,0.9059443473812389
5540000,-50.329013055190444,106.25664520263672,55.927632147446275,1.1068400541937014
5560000,-39.704323660582304,93.1809310913086,53.47660743072629,0.9706346988674196
5580000,-34.115657621994615,109.82247161865234,75.70681399665773,1.143984079360516
5600000,-46.37679135473445,143.17990112304688,96.80310976831242,1.4914573033644904
5620000,-32.625646935543045,104.34135437011719,71.71570743457414,1.0868891080216305
5640000,-36.06083018146455,109.95741271972656,73.89658253826201,1.1453897158300388
5660000,-21.622019003145397,100.61434173583984,78.99232273269445,1.0480660597479232
5680000,67.14215952251107,110.50939178466797,177.65155130717903,1.1511394977565093
5700000,72.98214668780565,103.90384674072266,176.8859934285283,1.0823317368821057
5720000,83.45318755507469,107.2333755493164,190.6865631043911,1.1170143286382774
5740000,100.18645477294922,107.71719360351562,207.90364837646484,1.1220541000361839
5760000,105.55657692532986,88.52352142333984,194.0800983486697,0.9221200148260974
5780000,92.58571900427341,97.54625701904297,190.13197602331638,1.0161068439479684
5800000,103.41448576748371,92.4262466430664,195.84073241055012,0.9627734025315666
5820000,83.51630080491304,118.60220336914062,202.11850417405367,1.2354396184280667
5840000,101.87191098183393,101.52620697021484,203.39811795204878,1.0575646559393257
5860000,90.95166093297303,116.51895904541016,207.47061997838318,1.2137391567225495
5880000,88.34246681630611,110.68003845214844,199.02250526845455,1.1529170672094304
5900000,110.13594818115234,118.95439147949219,229.09033966064453,1.2391082445775607
5920000,84.30318180890754,103.10958862304688,187.4127704319544,1.0740582148229865
5940000,75.35445323074237,113.39724731445312,188.7517005451955,1.1812213261917597
5960000,113.71540296822786,110.80339050292969,224.51879347115755,1.1542019844050677
5980000,102.52972565544769,111.85690307617188,214.38662873161957,1.1651760737096697
6000000,103.73268604837358,103.02943420410156,206.76212025247514,1.0732232729589728
6020000,68.34370216727257,131.93658447265625,200.28028663992882,1.3743394215896336
6040000,105.84094912558794,96.91661834716797,202.7575674727559,1.0095481077826063
6060000,89.20415314403363,109.26617431640625,198.47032746043988,1.138189315795455
6080000,84.7059790790081,117.42772674560547,202.13370582461357,1.2232054869329136
6100000,80.16040591523051,103.56884002685547,183.72924594208598,1.0788420836126573
6120000,52.83005864638835,117.44049072265625,170.2705493690446,1.2233384450271927
6140000,47.49262464605272,126.34300994873047,173.8356345947832,1.316073020298763
6160000,93.4340410027653,116.21115112304688,209.64519212581217,1.2105328241979332
6180000,88.80418395996094,91.61959838867188,180.4237823486328,0.9543708165482935
6200000,68.00433308258653,109.30195617675781,177.30628925934434,1.1385620435074504
6220000,99.43911797646433,99.8370590209961,199.27617699746042,1.0399693648016373
6240000,86.85708352178335,112.22205352783203,199.07913704961538,1.1689797242477948
6260000,97.46653801947832,107.25415802001953,204.72069603949785,1.1172308127081014
6280000,61.967716962099075,114.58356475830078,176.55128172039986,1.1935787995651679
6300000,87.7157753482461,101.12847900390625,188.84425435215235,1.0534216562902796
6320000,124.32209697691724,103.30085754394531,227.62295452086255,1.0760505994156777
6340000,80.85197901725769,115.79837799072266,196.65035700798035,1.2062331040695577
6360000,73.77703646942973,97.96358489990234,171.74062136933208,1.020454009373585
6380000,107.328139398247,102.53775787353516,209.86589727178216,1.068101644515575
6400000,96.71879078634083,101.62352752685547,198.3423183131963,1.0585784117376653
6420000,110.01474111713469,104.06649780273438,214.08123891986907,1.0840260187780606
6440000,84.93737276876345,134.619873046875,219.55724581563845,1.4022903442377348
6460000,109.50167079642415,110.52670288085938,220.02837367728353,1.1513198216751699
6480000,123.28475189208984,134.5678253173828,257.85257720947266,1.401748180388858
6500000,100.76017984002829,131.5850067138672,232.34518655389547,1.370677153268916
6520000,103.610860273242,100.35543823242188,203.96629850566387,1.0453691482539873
6540000,92.51891547441483,103.92090606689453,196.43982154130936,1.082509438196396
6560000,114.76778180897236,103.73241424560547,218.50019605457783,1.080545981724636
6580000,121.84090254688635,108.83641815185547,230.67732069874182,1.1337126890813862
6600000,116.2576444724109,96.04862976074219,212.3062742331531,1.0005065600073413
6620000,113.14775422215462,118.45128631591797,231.5990405380726,1.2338675657903315
6640000,99.07332701049745,98.30435943603516,197.3776864465326,1.0240037441249672
6660000,107.6966191790998,110.3473892211914,218.0440084002912,1.149451971053629
6680000,89.78748327121139,119.1872787475586,208.97476201876998,1.2415341536199185
6700000,95.5503887347877,104.98615264892578,200.53654138371348,1.0936057567592172
6720000,91.37385347671807,95.6764144897461,187.05026796646416,0.9966293176011335
6740000,92.64102778304368,99.42212677001953,192.0631545530632,1.0356471538539667
6760000,-2.2823664364404976,97.634033203125,95.3516667666845,1.0170211791988224
6780000,-28.811133564217016,92.454833984375,63.643700420157984,0.9630711873368643
6800000,-32.775907550007105,114.86074829101562,82.08484074100852,1.1964661280309465
6820000,-40.02235512062907,104.31822204589844,64.29586692526937,1.0866481463110185
6840000,-17.4829403469339,116.414306640625,98.9313662936911,1.2126490275060378
6860000,-20.412128433585167,96.25829315185547,75.8461647182703,1.0026905536647703
6880000,-52.01177637698129,118.02325439453125,66.01147801754996,1.2294088999425548
6900000,-48.189230278134346,122.57202911376953,74.38279883563519,1.2767919699346018
6920000,-46.884388729929924,110.0313949584961,63.14700622856617,1.1461603641505542
6940000,-12.539402954280376,103.9021987915039,91.36279583722353,1.0823145707444106
6960000,-9.68073133775033,91.54463958740234,81.86390824965201,0.9535899957017361
6980000,-36.18172169383615,112.86019897460938,76.67847728077322,1.1756270726517228
7000000,5.347830751910806,106.0543441772461,111.4021749291569,1.104732751845883
7020000,6.706712946295738,123.20640563964844,129.91311858594418,1.2834000587458378
7040000,-21.13866471219808,109.66744232177734,88.52877760957927,1.1423691908514022
7060000,-15.873889678623527,104.92361450195312,89.0497248233296,1.0929543177282526
7080000,-18.574182408861816,122.10774230957031,103.5335599007085,1.2719556490575283
7100000,-19.668512478470802,119.69012451171875,100.02161203324795,1.2467721303299177
7120000,-33.71533292345703,108.36332702636719,74.64799410291016,1.1287846565242183
7140000,-30.0582601679489,101.55536651611328,71.49710634816438,1.0578684012091013
7160000,-23.452212968841195,118.94178771972656,95.48957475088537,1.2389769554133354
7180000,-18.171386778354645,95.11553955078125,76.9441527724266,0.9907868703202519
7200000,0.8658159896731377,113.0129623413086,113.87877833098173,1.1772183577215058
7220000,-47.72392889112234,92.62682342529297,44.90289453417063,0.9648627440130924
7240000,-19.508596003986895,92.12792205810547,72.61932605411857,0.959665854771558
7260000,-51.3064955919981,99.35987091064453,48.05337531864643,1.0349986553188106
7280000,-29.993457515724003,127.4002685546875,97.4068110389635,1.3270861307774777
7300000,-5.652383658569306,111.66153717041016,106.00915351184085,1.1631410121913193
7320000,-50.74270677939057,110.18865203857422,59.445945259183645,1.1477984587347008
7340000,-41.03639468550682,102.04515075683594,61.00875607132912,1.0629703203832934
7360000,-34.25862738862634,94.94571685791016,60.68708946928382,0.9890178839361787
7380000,-48.35452087409794,102.61801147460938,54.26349060051143,1.0689376195267646
7400000,-35.43078392650932,115.2283935546875,79.79760962817818,1.200295766194194
7420000,-21.50304650235921,102.11463928222656,80.61159277986735,1.0636941591894455
7440000,-49.797107277903706,110.69398498535156,60.89687770744786,1.153062343596963
7460000,-28.150276392698288,109.4755630493164,81.32528665661812,1.1403704484299346
7480000,18.953329550102353,98.91529846191406,117.86862801201642,1.0303676923112033
7500000,-15.499146634712815,121.63185119628906,106.13270456157625,1.2669984499608509
7520000,-32.99482786701992,103.28547668457031,70.29064881755039,1.0758903821305212
7540000,-43.03717813594267,96.99147033691406,53.954292200971395,1.0103278160091278
7560000,0.8261846397072077,98.1170883178711,98.9432729575783,1.0220530033107589
7580000,-10.65753647685051,94.74747467041016,84.08993819355965,0.9869528611497213
7600000,-28.33907588152215,116.99890899658203,88.65983311505988,1.218738635380588
7620000,18.277558946982026,128.90638732910156,147.1839462760836,1.3427748680109515
7640000,7.819181920029223,98.43594360351562,106.25512552354485,1.0253744125362214
7660000,-12.417317636311054,116.63212585449219,104.21480821818113,1.214917977650487
7680000,-33.92496779933572,99.0339126586914,65.10894485935569,1.0316032568609668
7700000,-32.94764157338068,112.79579162597656,79.84815005259588,1.1749561627701315
7720000,-17.806163194123656,102.20156860351562,84.39540540939197,1.064599672952873
7740000,-1.3474138514138758,97.6557846069336,96.30837075551972,1.0172477563218285
7760000,-33.039191069081426,115.1556167602539,82.11642569117248,1.1995376745855106
7780000,-24.700979890301824,97.59071350097656,72.88973361067474,1.016569932301443
7800000,-29.748263446614146,103.14832305908203,73.40005961246789,1.0744616985316857
7820000,5.400674846023321,115.24906921386719,120.64974405989051,1.2005111376439819
7840000,-38.96030602604151,108.48219299316406,69.52188696712255,1.130022843678352
7860000,-52.64910994283855,97.20330810546875,44.5541981626302,1.0125344594315715
7880000,-9.68288669269532,125.44367980957031,115.76079311687499,1.3067049980158483
7900000,-34.20056735165417,98.67422485351562,64.47365750186145,1.0278565088903873
7920000,-12.002467773854733,99.63440704345703,87.6319392696023,1.037858406702273
7940000,-36.27463320083916,120.25169372558594,83.97706052474678,1.252621809641032
7960000,-27.766441688640043,120.05445861816406,92.28801692952402,1.250567277272055
7980000,-26.08523702993989,99.82351684570312,73.73827981576324,1.039828300475669
8000000,-36.10436387453228,115.16390228271484,79.05953840818256,1.1996239821111454
8020000,-15.791254891082644,110.4105224609375,94.61926756985486,1.1501096089676506
8040000,-24.812862519407645,126.93981170654297,102.12694918713532,1.3222897052759741
8060000,-22.817127384245396,118.81204986572266,95.99492248147726,1.2376255194341288
8080000,13.873029006645083,109.91665649414062,123.78968550078571,1.1449651718135188
8100000,-3.4058189722709358,105.82620239257812,102.42038342030719,1.1023562749222593
8120000,-41.662190318107605,127.18266296386719,85.52047264575958,1.3248194058731002
8140000,-56.7105057425797,97.6371078491211,40.926602106541395,1.0170532067612816
8160000,25.944443416781723,113.49993896484375,139.44438238162547,1.1822910308833283
8180000,-37.98877190425992,102.7991943359375,64.81042243167758,1.0708249409989317
8200000,-27.340440277475864,125.50099182128906,98.1605515438132,1.3073019981379184
8220000,80.24903731700033,101.62895965576172,181.87799697276205,1.0586349964137718
8240000,81.02946837432683,131.27407836914062,212.30354674346745,1.367438316344682
8260000,95.4702374744229,114.13214874267578,209.60238621709868,1.1888765494024094
8280000,75.34344985336065,123.76971435546875,199.1131642088294,1.2892678578689636
8300000,129.22438690811396,111.27948760986328,240.50387451797724,1.1591613292689575
8320000,104.2214083976578,115.04928588867188,219.27069428632967,1.198430061339865
8340000,84.77394627965987,131.62054443359375,216.39449071325362,1.3710473378494004
8360000,87.74992370279506,106.7134017944336,194.46332549722865,1.11159793535825
8380000,124.76409979909658,97.94654083251953,222.71064063161612,1.0202764670050142
8400000,89.22043433832005,107.8590316772461,197.07946601556614,1.1235315799708756
8420000,113.13276897696778,99.81668090820312,212.9494498851709,1.0397570927933772
8440000,129.76286880671978,109.97357177734375,239.73644058406353,1.1455580393468843
8460000,93.61846980359405,119.13597106933594,212.75444087293,1.2409996986384326
8480000,119.77064643753693,125.9471206665039,245.71776710404083,1.3119491736089046
8500000,90.97576196864247,102.82583618164062,193.8015981502831,1.0711024602250057
8520000,106.41620455682278,111.13201904296875,217.54822359979153,1.1576251983638068
8540000,82.72573852539062,113.35555267333984,196.08129119873047,1.1807870070134967
8560000,132.49565604887903,126.41714477539062,258.91280082426965,1.3168452580764727
8580000,108.97716878075153,97.12055969238281,206.09772847313434,1.0116724967952602
8600000,115.18151467293501,113.801025390625,228.98254006356,1.1854273478185484
8620000,68.35917302966118,106.23993682861328,174.59910985827446,1.106666008630957
8640000,79.0332093462348,107.44285583496094,186.47606518119574,1.1191964149470737
8660000,102.9256811439991,120.85807037353516,223.78375151753426,1.2589382330571672
8680000,105.97864224947989,98.04167938232422,204.0203216318041,1.0212674935654793
8700000,58.66918220277876,104.29583740234375,162.9650196051225,1.0864149729406571
8720000,117.34280504076742,124.85869598388672,242.20150102465414,1.3006114164983131
8740000,94.42794089391828,92.12213134765625,186.55007224157453,0.9596055348710454
8760000,101.2207722356543,121.87356567382812,223.09433790948242,1.2695163091018815
8780000,94.21629010140896,114.21883392333984,208.4351240247488,1.1897795200343264
8800000,116.17686642892659,112.69015502929688,228.86702145822346,1.1738557815547181
8820000,88.32331085205078,112.55852508544922,200.8818359375,1.172484636306306
8840000,81.15552878053859,103.42247772216797,184.57800650270656,1.0773174762721633
8860000,93.97875213623047,112.27494049072266,206.25369262695312,1.1695306301112385
8880000,111.00437370408326,122.68507385253906,233.68944755662233,1.277969519296784
8900000,92.99263124912977,92.7795181274414,185.77214937657118,0.9664533138271381
8920000,84.84252838231623,114.9286880493164,199.77121643163264,1.1971738338465794
8940000,26.471196165308356,106.93656158447266,133.407757749781,1.1139225165044895
8960000,-9.559696815907955,95.89191436767578,86.33221755176783,0.9988741079962334
8980000,-45.7945154113695,111.16535186767578,65.37083645630628,1.1579724152878381
9000000,-2.5841896319761872,108.75123596191406,106.16704632993788,1.13282537460283
9020000,-18.184961864957586,115.74337005615234,97.55840819119476,1.205660104751117
9040000,-17.085861690342426,127.29686737060547,110.21100568026304,1.3260090351099572
9060000,-49.985386952757835,110.98497772216797,60.99959076941013,1.1560935179387992
9080000,-24.16479420196265,113.82324981689453,89.65845561493188,1.185658852258856
9100000,-30.51892883493565,107.49417877197266,76.975249937037,1.1197310288742788
9120000,8.681236535310745,116.58041381835938,125.26165035367012,1.214379310607437
9140000,-36.20371921849437,101.62467193603516,65.42095271754079,1.0585903326666202
9160000,-17.275064470479265,115.257568359375,97.98250388889574,1.2005996704096884
9180000,-13.061757329851389,99.4369125366211,86.3751552067697,1.035801172256066
9200000,-4.653599323704839,103.33950805664062,98.68590873293579,1.0764532089229202
9220000,-29.880994222592562,110.78104400634766,80.9000497837551,1.1539692083990052
9240000,-22.240651184227318,130.50479125976562,108.26414007553831,1.359424908955362
9260000,14.529249210376292,121.97639465332031,136.5056438636966,1.2705874443049245
9280000,-31.514539764728397,118.08604431152344,86.57150454679504,1.2300629615778897
9300000,-3.4985505156219006,105.04778289794922,101.54923238232732,1.0942477385198779
9320000,-22.895007748156786,97.41490173339844,74.51989398524165,1.014738559722505
9340000,-57.676113337278366,105.45311737060547,47.7770040333271,1.0984699726100453
9360000,-39.8178736269474,88.69759368896484,48.87972006201744,0.9239332675930237
9380000,-9.862101263832301,102.53033447265625,92.66823320882395,1.0680243174230866
9400000,-22.32260037213564,112.42988586425781,90.10728549212217,1.1711446444188958
9420000,2.2427079929038882,94.22042083740234,96.46312883030623,0.9814627170558919
9440000,-27.825664311647415,130.13218688964844,102.30652257800102,1.3555436134333096
9460000,-4.149731675395742,115.1700210571289,111.02028938173316,1.1996877193446251
9480000,-17.84726530686021,113.70335388183594,95.85608857497573,1.1844099362686629
9500000,-16.037292551249266,125.35173797607422,109.31444542482495,1.3057472705835975
9520000,-10.11505777016282,105.55548095703125,95.44042318686843,1.0995362599686471
9540000,9.321757593657821,113.90279388427734,123.22455147793517,1.1864874362940934
9560000,-16.950941821560264,112.40689849853516,95.45595667697489,1.1709051926926182
9580000,-18.872153338044882,99.60684967041016,80.73469633236527,1.0375713507330349
9600000,-31.481844302266836,97.68173217773438,66.19988787546754,1.0175180435176698
9620000,19.61206164956093,104.11270904541016,123.72477069497108,1.0845073858892667
9640000,-6.6813964350149035,114.19402313232422,107.51262669730932,1.1895210742945803
9660000,-34.80254944367334,114.55097198486328,79.74842254118994,1.1932392915085275
9680000,-2.7002467960119247,97.74899291992188,95.04874612390995,1.0182186762487895
9700000,3.6234792713075876,108.40818786621094,112.03166713751853,1.1292519569392574
9720000,4.145942014409229,119.35482025146484,123.50076226587407,1.243279377618941
9740000,-31.6207614261657,94.3428726196289,62.722111193463206,0.9827382564540849
9760000,-21.522939767455682,105.41426849365234,83.89132872619666,1.0980652968084508
9780000,-39.99528649635613,119.79154968261719,79.79626318626106,1.247828642526776
9800000,-38.337668114108965,110.56932067871094,72.23165256460197,1.1517637570694568
9820000,-46.650111205875874,115.7909164428711,69.14080523699522,1.2061553796127706
9840000,41.42633722350001,120.80634307861328,162.2326803021133,1.258399407068398
9860000,20.323323601856828,101.38090515136719,121.70422875322402,1.0560510953263298
9880000,-1.9925740016624331,115.41911315917969,113.42653915751725,1.2022824287409866
9900000,-22.45684662181884,128.8188018798828,106.36195525806397,1.3418625195815899
9920000,-11.381050047464669,91.18733978271484,79.80628973525017,0.9498681227362428
9940000,-40.350445099174976,102.37784576416016,62.02740066498518,1.0664358933762526
9960000,-13.157840237021446,93.03368377685547,79.87584353983402,0.9691008726752002
9980000,-0.7205411680042744,102.27550506591797,101.5549638979137,1.0653698444362303
10000000,14.649788117036223,98.63411712646484,113.28390524350107,1.027438720066942
10020000,-14.250995201990008,103.5909423828125,89.33994718082249,1.0790723164872098
10040000,-47.1910530179739,103.77536010742188,56.584307089447975,1.0809933344518898
10060000,-29.928091946989298,125.01911926269531,95.09102731570601,1.3022824923192355
10080000,-11.09520086273551,105.6157455444336,94.52054468169808,1.1001640160874213
10100000,-10.985515119042248,102.37027740478516,91.38476228574291,1.0663570562994298
10120000,-46.146215439774096,125.47415924072266,79.32794380094856,1.3070224920903517
10140000,-14.424418871290982,117.39945983886719,102.9750409675762,1.2229110399877234
10160000,-5.5194999244995415,116.84819030761719,111.32869038311765,1.2171686490372047
10180000,-6.853997711092234,119.9133529663086,113.05935525521636,1.2490974267318944
10200000,-49.55601492151618,109.14131927490234,59.585304353386164,1.1368887424464564
10220000,-17.492814084980637,104.21528625488281,86.72247216990218,1.0855758984879398
10240000,26.088738919235766,100.71524047851562,126.80397939775139,1.0491170883174623
10260000,-15.99735902249813,112.42656707763672,96.42920805513859,1.1711100737249263
10280000,20.6500038318336,119.03202819824219,139.6820320300758,1.2399169603978728
10300000,-38.1700009573251,109.20120239257812,71.03120143525302,1.1375125249222455
10320000,3.9557305588386953,109.78031158447266,113.73604214331135,1.1435449123378114
10340000,-17.41873519308865,142.74864196777344,125.32990677468479,1.4869650204970606
10360000,-22.136902196332812,110.06497192382812,87.92806972749531,1.1465101242060962
10380000,-33.046500260941684,113.16266632080078,80.1161660598591,1.1787777741745489
10400000,-21.43304516375065,99.68045806884766,78.24741290509701,1.038338104883425
10420000,-45.72392390668392,97.62776184082031,51.90383793413639,1.0169558525081486
10440000,-28.9289881112054,102.80237579345703,73.87338768225163,1.0708580811814268
10460000,-38.556088391691446,105.98725128173828,67.43116289004683,1.104033867517677
10480000,-33.797600127756596,119.101806640625,85.3042065128684,1.2406438191726936
10500000,-14.717887699604034,110.11003112792969,95.39214342832565,1.1469794909154871
10520000,1.9232805790379643,97.50621032714844,99.4294909061864,1.0156896909074005
10540000,-36.458779603242874,102.9188003540039,66.46002075076103,1.0720708370204561
10560000,-17.146733697503805,100.50325012207031,83.35651642456651,1.0469088554378243
10580000,-6.93526825401932,105.28523254394531,98.34996428992599,1.0967211723323362
10600000,-9.597155627794564,113.05200958251953,103.45485395472497,1.177625099817453
10620000,-39.53420517593622,121.98698425292969,82.45277907699347,1.270697752634189
10640000,-45.89979322440922,95.65126037597656,49.75146715156734,0.9963672955827009
10660000,-26.51833707280457,95.97447204589844,69.45613497309387,0.9997340838110524
10680000,-18.22523592086509,84.42753601074219,66.2023000898771,0.8794535001115552
10700000,-27.934475438669324,120.01658630371094,92.08211086504161,1.2501727739965018
10720000,-31.24807682586834,107.77662658691406,76.52854976104572,1.1226731936132506
10740000,-18.114015474915504,98.1733627319336,80.05934725701809,1.0226391951239098
10760000,-22.91845689062029,105.77129364013672,82.85283674951643,1.1017843087509949
10780000,-15.183018881827593,116.22087097167969,101.0378520898521,1.2106340726211917
10800000,-6.2176287297625095,96.27243041992188,90.05480169015937,1.0028378168737955
10820000,-34.20133989863098,101.026611328125,66.82527142949402,1.0523605346675586
10840000,-27.56807810207829,106.02713012695312,78.45905202487484,1.1044492721553312
10860000,-10.650767575018108,110.3626937866211,99.71192621160299,1.1496113936101884
10880000,-37.44060562411323,117.85662078857422,80.41601516446099,1.2276731332138364
10900000,-9.361851245164871,118.25828552246094,108.89643427729607,1.2318571408584882
10920000,-11.31598125770688,112.391845703125,101.07586444541812,1.1707483927404292
10940000,-20.731331820134073,126.45292663574219,105.72159481560811,1.317217985788468
10960000,-58.98626693896949,118.27159118652344,59.285324247553945,1.2319957415258058
10980000,-28.599617898464203,105.7972640991211,77.19764620065689,1.102054834365415
11000000,-35.331413596868515,92.4568862915039,57.12547269463539,0.9630925655361237
11020000,-23.95248266030103,103.12113952636719,79.16865686606616,1.074178536732573
11040000,-9.054164413362741,110.77964782714844,101.7254834137857,1.1539546648656798
11060000,-52.11565064219758,101.78438568115234,49.668735038954765,1.0602540175115904
11080000,-21.316851817071438,117.81979370117188,96.50294188410044,1.227289517720062
11100000,-4.801619002595544,104.7035903930664,99.90197139047086,1.09066239992735
11120000,-15.14946455648169,128.2957305908203,113.14626603433862,1.336413860320524
11140000,6.238128878641874,117.63105773925781,123.86918661789969,1.2253235181167912
11160000,-4.00629523396492,102.32289123535156,98.31659600138664,1.0658634503678301
11180000,-9.925669129937887,110.84400939941406,100.91834026947618,1.1546250979101131
11200000,23.278269009664655,108.04463958740234,131.322908597067,1.1254649957016694
11220000,-15.627540985122323,108.60116577148438,92.97362478636205,1.1312621434525214
11240000,-17.6265159570612,108.03949737548828,90.41298141842708,1.125411430994231
11260000,-28.09250218886882,99.72881317138672,71.6363109825179,1.0388418038682068
11280000,-14.707283005584031,99.58075714111328,84.87347413552925,1.037299553552859
11300000,-42.580426662229,112.20655059814453,69.62612393591553,1.1688182353968835
11320000,-33.71443951129913,105.35818481445312,71.64374530315399,1.0974810918167925
11340000,-43.2901272661984,120.12957000732422,76.83944274112582,1.2513496875758063
11360000,-15.293856509029865,114.80726623535156,99.5134097263217,1.1959090232844463
11380000,32.65755996853113,122.34952545166016,155.0070854201913,1.2744742234542965
11400000,-32.722436010837555,109.44963836669922,76.72720235586166,1.1401003996526726
11420000,-17.482505579246208,133.50103759765625,116.01853201841004,1.3906358083083774
11440000,-25.620215237140656,121.2533187866211,95.63310354948044,1.263055404026811
11460000,-46.64836552133784,114.33988952636719,67.69152400502935,1.191040515899194
11480000,-42.30822355300188,101.87525939941406,59.56703584641218,1.0612006187434828
11500000,-52.13630539132282,102.17410278320312,50.037797391880304,1.0643135706579512
11520000,-49.13300943374634,121.38121795654297,72.24820852279663,1.2643876870468298
11540000,-29.709059366956353,107.9676742553711,78.25861488841474,1.1246632734930109
11560000,-40.94144379720092,99.45288848876953,58.51144469156861,1.035967588424279
11580000,-50.29285597521812,110.76907348632812,60.47621751111001,1.1538445154821348
11600000,-28.106796755455434,98.09893798828125,69.99214123282582,1.0218639373775313
11620000,-44.422227650880814,110.94320678710938,66.52097913622856,1.1556584040319389
11640000,-24.383235847577453,95.79702758789062,71.41379174031317,0.9978857040401385
11660000,-29.662411944940686,103.23013305664062,73.56772111169994,1.075313886006254
11680000,-28.050381834618747,93.38616943359375,65.335787598975,0.9727725982662224
11700000,22.255912211723626,125.77762603759766,148.03353824932128,1.3101836045577984
11720000,-14.442257180809975,134.9215545654297,120.47929738461971,1.4054328600560113
11740000,20.106375966221094,121.89077758789062,141.99715355411172,1.2696955998733659
11760000,-9.768539099022746,107.8095932006836,98.04105410166085,1.1230165958400167
11780000,-38.46114199236035,116.3338394165039,77.87269742414355,1.2118108272547767
11800000,15.425030688755214,124.07962799072266,139.50465867947787,1.2924961249028575
11820000,-21.801133012399077,122.19132995605469,100.39019694365561,1.272826353708407
11840000,-29.992898054420948,94.86219787597656,64.86929982155561,0.9881478945410375
11860000,-31.94773019477725,101.73278045654297,69.78505026176572,1.0597164630885765
11880000,-43.076611787080765,111.53158569335938,68.45497390627861,1.1617873509720409
11900000,67.30884745530784,117.29975891113281,184.60860636644065,1.2218724886571575
11920000,-26.64379644789733,94.64103698730469,67.99724053940736,0.9858441352840396
11940000,-12.66276249405928,93.90294647216797,81.24018397810869,0.9781556924180351
11960000,-26.133817840833217,125.342529296875,99.20871145604178,1.3056513468419393
11980000,-38.731973273679614,109.05972290039062,70.32774962671101,1.1360387802119596
12000000,-6.897409645840526,96.6139144897461,89.71650484390557,1.0063949426011296
12020000,-56.06075164489448,96.4149398803711,40.35418823547661,1.0043222904201408
12040000,-21.360596067272127,121.60682678222656,100.24623071495444,1.266737778981033
12060000,-3.279711158014834,106.97087860107422,103.69116744305938,1.1142799854274223
12080000,-12.70692074415274,116.04247283935547,103.33555209520273,1.208775758742815
12100000,-38.77739865286276,104.84327697753906,66.0658783246763,1.0921174685156063
12120000,-26.33929848438129,109.31244659423828,82.973148109857,1.1386713186895383
12140000,-8.67390002310276,117.2164535522461,108.54255352914333,1.2210047245020879
12160000,-40.90309637226164,104.62483215332031,63.72173578105867,1.089842001596662
12180000,-0.2803657576441765,102.58354187011719,102.30317611247301,1.0685785611466376
12200000,-10.862291542813182,105.77720642089844,94.91491487808526,1.1018459002172627
12220000,-1.0619510859251022,105.39838409423828,104.33643300831318,1.0978998343145543
12240000,5.602657042443752,108.67704772949219,114.27970477193594,1.1320525805151027
12260000,-51.17897470993921,110.95577239990234,59.77679768996313,1.1557892958318656
12280000,-38.414971803547814,114.29691314697266,75.88194134342484,1.1905928452805012
12300000,-51.39862719550729,99.20259094238281,47.803963746875525,1.0333603223160848
12320000,-5.234766447916627,100.75669860839844,95.52193216048181,1.0495489438370749
12340000,-41.520700501743704,97.17122650146484,55.65052599972114,1.012200276056531
12360000,-29.611683540511876,124.53119659423828,94.9195130537264,1.29719996452281
12380000,-41.6803792193532,105.4366226196289,63.75624340027571,1.0982981522873734
12400000,-18.635611295700073,126.53374481201172,107.89813351631165,1.3180598417912752
12420000,-34.46500742435455,113.92796325683594,79.46295583248138,1.1867496172582452
12440000,11.38333637919277,121.15626525878906,132.53960163798183,1.262044429778561
12460000,-22.737708726432174,85.00456237792969,62.26685365149751,0.8854641914364226
12480000,-21.735488384962082,92.37425231933594,70.63876393437386,0.9622317949927077
12500000,-9.571518706623465,101.63114166259766,92.05962295597419,1.0586577256516463
12520000,-12.384722581133246,123.80448913574219,111.41976655460894,1.2896300951634785
12540000,-6.214257514104247,123.91883087158203,117.70457335747778,1.2908211549118096
12560000,-64.98862739279866,93.05289459228516,28.064267199486494,0.9693009853359259
12580000,-43.52114454191178,101.62541198730469,58.10426744539291,1.0585980415340115
12600000,-12.19317778851837,108.90221405029297,96.7090362617746,1.1343980630234431
12620000,-24.76723699271679,113.27481842041016,88.50758142769337,1.1799460252121459
12640000,-49.204159690998495,97.07791137695312,47.87375168595463,1.0112282435095343
12660000,-32.667953947559,124.84200286865234,92.17404892109334,1.3004375298812885
12680000,-29.808515969431028,107.5182113647461,77.70969539531507,1.1199813683823354
12700000,-22.933303764555603,110.38360595703125,87.45030219247565,1.1498292287186274
12720000,-24.844596903771162,111.58483123779297,86.7402343340218,1.1623419920598903
12740000,-42.742701708339155,101.53191375732422,58.789212048985064,1.0576241016383818
12760000,-12.657961558550596,121.8373031616211,109.1793416030705,1.2691385745997252
12780000,-49.30011737346649,97.65813446044922,48.35801708698273,1.0172722339626163
12800000,5.178096694871783,117.54500579833984,122.72310249321163,1.2244271437322296
12820000,-14.000390894711018,112.34822082519531,98.3478299304843,1.1702939669286616
12840000,-15.462729184888303,93.44468688964844,77.98195770476013,0.9733821551001252
12860000,-52.88335440750234,112.9267349243164,60.04338051681407,1.1763201554611709
12880000,-17.404167310800403,131.46983337402344,114.06566606322303,1.369477430978877
12900000,-35.940767370164394,123.61353302001953,87.67276564985514,1.287640968958035
12920000,25.496132101863623,98.7153091430664,124.21144124493003,1.0282844702398743
12940000,-16.027241931762546,110.61555480957031,94.58831287780777,1.1522453625992417
12960000,-25.580817505251616,104.07318878173828,78.49237127648667,1.084095716476018
12980000,-15.60519391996786,118.8067855834961,103.20159166352823,1.2375706831609354
13000000,-41.56283704331145,91.49012756347656,49.927290520165116,0.953022162119176
13020000,-16.717716701328754,120.81401062011719,104.09629391878843,1.2584792772923972
13040000,-33.743117747828364,94.47229766845703,60.72917992062867,0.9840864340460439
13060000,-37.19903431646526,82.33206176757812,45.133027451112866,0.8576256434119378
13080000,1.3353368323296309,105.34536743164062,106.68070426397026,1.0973475774124954
13100000,-12.844653619453311,114.59930419921875,101.75465057976544,1.1937427520747301
13120000,10.298663126304746,109.08197784423828,119.38064097054303,1.136270602543706
13140000,-16.780134808272123,125.41931915283203,108.63918434455991,1.3064512411748244
13160000,2.7393067898228765,110.42708587646484,113.16639266628772,1.1502821445460603
13180000,-12.167583415750414,111.81073760986328,99.64315419411287,1.164695183435622
13200000,-0.0246117003262043,133.5880889892578,133.5634772889316,1.39154259363756
13220000,-32.01626119762659,96.261474609375,64.24521341174841,1.0027236938472655
13240000,-23.158516727387905,95.80264282226562,72.64412609487772,0.9979441960648782
13260000,-19.104700380936265,112.9686508178711,93.86395043693483,1.1767567793523652
13280000,-33.274984791874886,95.83544921875,62.560464426875114,0.9982859293615901
13300000,-29.342748877592385,105.07170104980469,75.7289521722123,1.094496885935039
13320000,-21.468453952576965,128.344482421875,106.87602846929803,1.3369216918940101
13340000,-51.13257023319602,105.58692169189453,54.45435145869851,1.0998637676234728
13360000,-31.020654461346567,115.8594741821289,84.83881972078234,1.2068695227300392
13380000,1.5398115487769246,102.06805419921875,103.60786574799567,1.0632088979081145
13400000,-12.982797082979232,112.02123260498047,99.03843552200124,1.1668878396347584
13420000,-39.164022739976645,99.38462829589844,60.22060555592179,1.0352565447485387
13440000,-3.257950101979077,129.5038604736328,126.24591037165374,1.3489985465998162
13460000,4.458714336156845,95.14790344238281,99.60661777853966,0.9911239941911014
13480000,-29.19827157165855,115.76657104492188,86.56829947326332,1.2059017817174662
13500000,-24.251938054338098,120.75189971923828,96.49996166490018,1.2578322887415752
13520000,-10.301349335350096,125.38690948486328,115.08556014951319,1.3061136404668168
13540000,-20.754943294916302,121.85706329345703,101.10211999854073,1.2693444093063495
13560000,-16.64711033552885,118.2196273803711,101.57251704484224,1.2314544518783856
13580000,-30.30433364957571,98.78622436523438,68.48189071565866,1.0290231704707904
13600000,-5.87241274677217,101.74174499511719,95.86933224834502,1.0598098436987242
13620000,-44.162847228348255,113.13409423828125,68.971247009933,1.1784801483149705
13640000,-20.287717544473708,114.3332748413086,94.04555729683489,1.1909716129298338
13660000,-12.14548741048202,115.21556091308594,103.07007350260392,1.2001620928441776
13680000,-31.82595492526889,108.48261260986328,76.65665768459439,1.1300272146856356
13700000,-18.75593340396881,103.72654724121094,84.97061383724213,1.080484867095526
13720000,-12.16223531961441,110.40431213378906,98.24207681417465,1.1500449180598546
13740000,13.337685473263264,110.70175170898438,124.03943718224764,1.1531432469681377
13760000,6.723610159941018,106.69725799560547,113.42086815554649,1.111429770787124
13780000,-9.245946362614632,122.4061508178711,113.16020445525646,1.2750640710189938
13800000,-42.11954057589173,118.66959381103516,76.55005323514342,1.2361416021978011
13820000,2.638458017259836,108.76294708251953,111.40140509977937,1.1329473654424702
13840000,8.814441718161106,98.54137420654297,107.35581592470407,1.0264726479844226
13860000,-5.416387349367142,109.44781494140625,104.03142759203911,1.1400814056392041
13880000,-16.72471809387207,104.18743896484375,87.46272087097168,1.085285822550033
13900000,-31.22598352842033,98.06389617919922,66.83791265077889,1.021498918532927
13920000,-22.56063586473465,80.09423065185547,57.53359478712082,0.8343149026231694
13940000,-27.618222042918205,113.66709899902344,86.04887695610523,1.1840322812393662
13960000,-27.181017966941,101.61763763427734,74.43661966733634,1.0585170586899764
13980000,-29.43711727578193,112.45960998535156,83.02249270956963,1.171454270680289
14000000,-23.554935216903687,113.03262329101562,89.47768807411194,1.177423159280954
14020000,-46.83172005787492,102.32744598388672,55.4957259260118,1.0659108956650714
14040000,-9.371341593796387,101.58167266845703,92.21033107466064,1.0581424236293484
14060000,-15.716579461935908,116.92737579345703,101.21079633152112,1.2179934978480362
14080000,-31.016797486692667,138.46522521972656,107.4484277330339,1.4423460960382564
14100000,-42.89677606523037,116.39424133300781,73.49746526777744,1.2124400138850258
14120000,-38.16969601996243,108.02269744873047,69.85300142876804,1.1252364317571704
14140000,-43.07167579699308,127.63743591308594,84.56576011609286,1.3295566240941272
14160000,-17.241394460201263,86.8343505859375,69.59295612573624,0.9045244852698299
14180000,-43.69191736727953,100.10978698730469,56.41786962002516,1.0428102811173507
14200000,-20.05944584030658,98.0767593383789,78.01731349807233,1.0216329097743821
14220000,-35.880695667117834,114.4762191772461,78.59552351012826,1.192460616429182
14240000,-46.141424727626145,98.96662902832031,52.82520430069417,1.0309023857112682
14260000,-20.242185674607754,114.54578399658203,94.30359832197428,1.1931852499639313
14280000,-37.10073875263333,117.83576965332031,80.73503090068698,1.227455933888275
14300000,-3.0268291207030416,108.3118667602539,105.28503763955086,1.1282486120855384
14320000,-9.369366146391258,128.15219116210938,118.78282501571812,1.3349186579381191
14340000,-29.571680353954434,122.85559844970703,93.2839180957526,1.2797458171839495
14360000,-0.47045457805506885,102.8169937133789,102.34653913532384,1.071010351180613
14380000,-28.104659780859947,103.63970184326172,75.53504206240177,1.0795802275335555
14400000,41.010345151647925,97.72267150878906,138.733016660437,1.0179444948828227
14420000,-20.190869610290974,110.90746307373047,90.7165934634395,1.1552860736842423
14440000,-16.75791947101243,92.62983703613281,75.87191756512038,0.9648941357926742
14460000,10.309324100613594,119.33979034423828,129.64911444485188,1.243122816085331
14480000,-17.647415397921577,119.62381744384766,101.97640204592608,1.2460814317062607
14500000,-24.929141762666404,100.69548797607422,75.76634621340781,1.0489113330836977
14520000,-36.51540271192789,112.56108856201172,76.04568585008383,1.172511339187165
14540000,42.59043319616467,106.27831268310547,148.86874587927014,1.1070657571152505
14560000,-35.04461247450672,107.00686645507812,71.9622539805714,1.1146548589066294
14580000,-31.82965518720448,101.0456771850586,69.21602199785411,1.0525591373439502
14600000,16.383332926779985,95.52359008789062,111.90692301467061,0.995037396748473
14620000,-42.523601515218616,107.87772369384766,65.35412217862904,1.1237262884771417
14640000,-10.548446643631905,96.3595199584961,85.81107331486419,1.0037449995672765
14660000,-34.19328210502863,118.70520782470703,84.5119257196784,1.236512581506883
14680000,-35.16127378679812,111.1505126953125,75.98923890851438,1.157817840575721
14700000,-23.38075440749526,111.76964569091797,88.38889128342271,1.1642671426132751
14720000,-17.23301130346954,110.34039306640625,93.10738176293671,1.1493790944412838
14740000,-6.577528624795377,103.95081329345703,97.37328466866165,1.0828209718064221
14760000,-9.611027487553656,110.25914764404297,100.64812015648931,1.1485327879583334
14780000,-18.357337449211627,110.91756439208984,92.56022694287822,1.1553912957504857
14800000,-5.9116408955305815,91.06857299804688,85.1569321025163,0.9486309687292853
14820000,10.999073378741741,138.0165557861328,149.01562916487455,1.4376724561049896
14840000,-5.167316157370806,85.27692413330078,80.10960797592998,0.8883012930548704
14860000,-38.06163381971419,97.75199890136719,59.690365081653,1.0182499885555114
14880000,46.1098828217946,105.4649429321289,151.5748257539235,1.0985931555425814
14900000,-30.16987540014088,115.49301147460938,85.3231360744685,1.2030522028600454
14920000,-20.542666654568166,106.95549011230469,86.41282345773652,1.1141196886694062
14940000,-20.543906934559345,103.45051574707031,82.90660881251097,1.0776095390315623
14960000,-24.645874481648207,105.26165771484375,80.61578323319554,1.0964756011958618
14980000,-16.932944867759943,105.45365142822266,88.52070656046271,1.0984755357102245
15000000,-6.746685273945332,106.09136199951172,99.34467672556639,1.1051183541611496
15020000,-13.119290026603267,114.20215606689453,101.08286604029126,1.1896057923630212
15040000,-2.1428635963238776,100.96576690673828,98.8229033104144,1.0517267386114473
15060000,-30.7340075224638,109.38631439208984,78.65230686962605,1.1394407749171584
15080000,-32.79274533037096,126.2652587890625,93.47251345869154,1.3152631123855552
15100000,-36.574791736900806,104.55826568603516,67.98347394913435,1.0891486008957751
15120000,-13.656143512111157,109.92327117919922,96.26712766708806,1.145034074782879
15140000,0.4140424251090735,125.61876678466797,126.03280920977704,1.3085288206731147
15160000,-48.089782781898975,106.42391204833984,58.33412926644087,1.1085824171697747
15180000,-40.98735914751887,121.0902328491211,80.10287370160222,1.2613565921778533
15200000,-25.37762221507728,90.17203521728516,64.79441300220788,0.939292033513021
15220000,-46.77139506675303,105.93342590332031,59.16203083656728,1.10347318649249
15240000,-50.091889009810984,114.9869384765625,64.89504946675152,1.1977806091303926
15260000,-46.32538529112935,99.86183166503906,53.53644637390971,1.040227413177085
15280000,-44.37214445695281,121.66820526123047,77.29606080427766,1.2673771381373236
15300000,-40.327469170093536,105.9614028930664,65.63393372297287,1.1037646134690116
15320000,8.879759212955832,110.88594055175781,119.76569976471364,1.1550618807470272
15340000,-12.354429665952921,112.42826080322266,100.07383113726974,1.1711277166997796
15360000,-14.686980932950974,87.28746032714844,72.60047939419746,0.9092443784074419
15380000,-28.598620491568,95.21681213378906,66.61819164222106,0.9918417930599163
15400000,-14.823200695216656,110.15216064453125,95.3289599493146,1.1474183400467532
15420000,-59.92300636321306,108.047119140625,48.12411277741194,1.1254908243810717
15440000,15.971368100494146,148.81353759765625,164.7849056981504,1.5501410166416485
15460000,-38.03068636357784,114.63557434082031,76.60488797724247,1.1941205660497463
15480000,16.795866334578022,112.91889190673828,129.7147582413163,1.1762384573613989
15500000,-23.684351010248065,126.30117797851562,102.61682696826756,1.3156372706090251
15520000,-41.579149096272886,106.12857818603516,64.54942908976227,1.1055060227707687
15540000,43.60143972467631,122.46160125732422,166.06304098200053,1.2756416797632968
15560000,-30.11217070184648,101.06271362304688,70.9505429212004,1.0527366002396614
15580000,-27.228265525773168,106.09904479980469,78.87077927403152,1.1051983833308683
15600000,-21.91218529595062,95.7714614868164,73.85927619086578,0.9976193904872821
15620000,-13.847862154245377,116.80258178710938,102.954719632864,1.216693560281915
15640000,18.57843367010355,87.37001037597656,105.94844404608011,0.9101042747494013
15660000,-28.159472338855267,120.4437255859375,92.28425324708223,1.2546221415196932
15680000,-10.276657849550247,118.46082305908203,108.18416520953178,1.233966906864957
15700000,-21.98008183017373,93.244873046875,71.26479121670127,0.9713007609045695
15720000,-3.341148345731199,106.45418548583984,103.11303714010864,1.1088977654770662
15740000,15.573589379433542,107.19739532470703,122.77098470414057,1.11663953463193
15760000,-41.37674296833575,98.07601928710938,56.69927631877363,1.021625200906991
15780000,-49.05111810192466,96.67683410644531,47.625716004520655,1.0070503552750796
15800000,-16.278042258229107,101.87625122070312,85.59820896247402,1.061210950215244
15820000,-6.120885415701196,138.32546997070312,132.20458455500193,1.4408903121942627
15840000,-2.109146239235997,112.91959381103516,110.81044757179916,1.1762457688644912
15860000,-42.27809841837734,108.94540405273438,66.66730563435704,1.1348479588822076
15880000,-32.29015951603651,100.3843002319336,68.09414071589708,1.0456697940822341
15900000,-28.618450376205146,95.5875244140625,66.96907403785735,0.9957033793127631
15920000,-23.90129435621202,120.04846954345703,96.14717518724501,1.25050489107719
15940000,-26.753420177381486,97.8706283569336,71.11720817955211,1.0194857120509944
15960000,-10.864125316264108,98.3794174194336,87.51529210316949,1.0247855981187006
15980000,-14.91603301372379,106.69872283935547,91.78268982563168,1.1114450295761864
16000000,-11.825830589514226,101.1220474243164,89.29621683480218,1.053354660669552
16020000,-42.91136693768203,100.58322143554688,57.67185449786484,1.047741889953205
16040000,-32.44632226228714,119.2815170288086,86.83519476652145,1.2425158023829388
16060000,-34.074195079505444,107.76185607910156,73.68766099959612,1.1225193341568704
16080000,-9.94707302749157,107.39553833007812,97.44846530258656,1.1187035242712111
16100000,-39.37865524739027,98.81976318359375,59.44110793620348,1.0293725331620338
16120000,-6.817108141258359,104.06771850585938,97.25061036460102,1.0840387344356128
16140000,-20.83123246766627,103.01663970947266,82.18540724180639,1.0730899969732552
16160000,-36.74857744574547,102.08331298828125,65.33473554253578,1.0633678436275151
16180000,-31.26995416916907,108.93789672851562,77.66794255934656,1.1347697575882623
16200000,-14.512392377480865,139.20773315429688,124.69534077681601,1.4500805536900274
16220000,-41.90395715087652,99.73474884033203,57.83079168945551,1.038903633753054
16240000,8.961644940078259,119.27330780029297,128.23495274037123,1.242430289585901
16260000,83.70660006301478,117.80548095703125,201.51208102004603,1.2271404266352641
16280000,95.50230925157666,128.22801208496094,223.7303213365376,1.3357084592178226
16300000,95.99082948826253,89.66280364990234,185.65363313816488,0.9339875380194521
16320000,89.95622670650482,93.06056213378906,183.01678884029388,0.9693808555599249
16340000,90.54664410790429,124.71708679199219,215.26373089989647,1.2991363207494122
16360000,108.1909699589014,105.02361297607422,213.21458293497562,1.0939959685003466
16380000,101.33986416459084,97.4947280883789,198.83459225296974,1.015570084253551
16400000,97.3343505859375,106.18119049072266,203.51554107666016,1.1060540676112631
16420000,104.2376267220825,122.950927734375,227.1885544564575,1.280738830565907
16440000,108.81280349567533,114.88018798828125,223.69299148395658,1.1966686248774632
16460000,115.53581044473685,100.82460021972656,216.36041066446342,1.0502562522884091
16480000,107.68771780049428,122.59281158447266,230.28052938496694,1.277008454004426
16500000,81.65992585197091,101.56690979003906,183.22683564200997,1.057988643645828
16520000,94.93085898458958,108.475830078125,203.40668906271458,1.1299565633133617
16540000,83.24688666686416,100.0759048461914,183.32279151305556,1.0424573421474208
16560000,78.7690362855792,104.71063232421875,183.47966860979795,1.0907357533768536
16580000,101.55610749311745,104.16754913330078,205.72365662641823,1.0850786368047936
16600000,101.40936013311148,112.41452026367188,213.82388039678335,1.170984586079459
16620000,109.23381462646648,99.31283569335938,208.54665031982586,1.0345087051387571
16640000,65.96434020996094,122.79178619384766,188.7561264038086,1.2790811061854146
16660000,89.09902573563159,117.40293884277344,206.50196457840502,1.2229472796117469
16680000,121.93715466558933,81.66099548339844,203.59815014898777,0.8506353696184022
16700000,112.02158633433282,111.25485229492188,223.2764386292547,1.1589047114049844
16720000,104.14494472835213,89.67234802246094,193.81729275081307,0.9340869585669375
16740000,84.96865141857415,134.05870056152344,219.0273519800976,1.3964447975153247
16760000,127.44679253548384,121.71085357666016,249.157646112144,1.2678213914230494
16780000,68.66553530469537,136.02362060546875,204.68915591016412,1.4169127146397473
16800000,95.88822421408258,90.89727020263672,186.7854944167193,0.9468465646104302
16820000,126.84133557975292,94.86194610595703,221.70328168570995,0.9881452719366672
16840000,93.1900178194046,106.2339096069336,199.4239274263382,1.1066032250717937
16860000,88.99291792442091,122.6758041381836,211.6687220626045,1.2778729597722478
16880000,93.49749181419611,129.04534912109375,222.54284093528986,1.344222386677536
16900000,79.16889676824212,116.33415222167969,195.5030489899218,1.2118140856420245
16920000,114.43959730863571,95.72509002685547,210.16468733549118,0.9971363544460226
16940000,125.67906205635518,102.26936340332031,227.9484254596755,1.0653058687841714
16960000,92.01665528304875,116.13471984863281,208.15137513168156,1.2097366650894539
16980000,108.60519902408123,93.47371673583984,202.07891575992107,0.9736845493312857
17000000,111.82710887491703,105.43894958496094,217.26605845987797,1.0983223915095819
17020000,89.32651628553867,94.73768615722656,184.06420244276524,0.9868508974707255
17040000,98.87481220206246,121.22569274902344,220.1005049510859,1.2627676328018353
17060000,93.93027073517442,111.72357177734375,205.65384251251817,1.163787206013544
17080000,91.6336997449398,89.6742935180664,181.3079932630062,0.934107224146161
17100000,98.73419106006622,110.89640045166016,209.63059151172638,1.1551708380376764
17120000,84.01916748285294,106.97908020019531,190.99824768304825,1.1143654187516003
17140000,76.01201154477894,122.77915954589844,198.79117109067738,1.2789495786026104
17160000,103.3110105022788,114.44847869873047,217.75948920100927,1.192171653111311
17180000,96.21772338449955,110.1818618774414,206.39958526194096,1.1477277278895675
17200000,91.73591926367953,103.22440338134766,194.9603226450272,1.075254201888619
17220000,117.47779344767332,93.60124969482422,211.07904314249754,0.975013017654039
17240000,101.4103323854506,111.92139434814453,213.33172673359513,1.1658478577927178
17260000,88.16841247491539,81.87773895263672,170.0461514275521,0.8528931140896335
17280000,108.70142896822654,96.42700958251953,205.12843855074607,1.004448016484187
17300000,77.7328268289566,114.64694213867188,192.37976896762848,1.1942389806106999
17320000,98.61030515935272,98.83699798583984,197.44730314519256,1.029552062352097
17340000,94.65786193683743,118.45672607421875,213.11458801105618,1.2339242299392978
17360000,112.76302829617634,89.42871856689453,202.19174686307088,0.9315491517381218
17380000,74.15516155585647,111.5308609008789,185.68602245673537,1.1617798010503693
17400000,109.47321999561973,114.95173645019531,224.42495644581504,1.1974139213557344
17420000,108.45720360381529,116.00102233886719,224.45822594268247,1.2083439826960622
17440000,89.76006799680181,101.80130767822266,191.56137567502446,1.060430288314406
17460000,92.23418887937441,97.04061126708984,189.27480014646426,1.0108397006984586
17480000,92.69513980671763,112.30159759521484,204.99673740193248,1.1698083082830322
17500000,93.55384290032089,120.5971908569336,214.15103375725448,1.2562207380925685
17520000,66.59961800510064,99.28614044189453,165.88575844699517,1.0342306296026649
17540000,67.62040653079748,104.53047180175781,172.1508783325553,1.0888590812678862
17560000,27.116594016784802,109.69100189208984,136.80759590887465,1.1426146030421571
17580000,-6.092543484643102,122.85247802734375,116.75993454270065,1.2797133127843319
17600000,33.09642967581749,108.97203826904297,142.06846794486046,1.135125398635422
17620000,-21.211395007092506,96.09502410888672,74.88362910179421,1.00098983446718
17640000,1.026346793398261,122.10179901123047,123.12814580462873,1.2718937396998218
17660000,-10.502899310085922,103.83932495117188,93.33642564108595,1.0816596349076186
17680000,-34.690611155703664,104.85655975341797,70.1659485977143,1.0922558307643448
17700000,-24.18435170687735,106.00345611572266,81.8191044088453,1.1042026678716808
17720000,-19.285708310548216,104.48367309570312,85.19796478515491,1.0883715947464836
17740000,-16.053396498784423,106.16381072998047,90.11041423119605,1.1058730284368656
17760000,-32.828797519207,106.65716552734375,73.82836800813675,1.1110121409093976
17780000,-2.4228598431218415,114.19957733154297,111.77671748842113,1.1895789305364424
17800000,-48.997950811171904,109.11744689941406,60.11949608824216,1.1366400718684535
17820000,-32.4033570215106,102.90097045898438,70.49761343747377,1.071885108947336
17840000,-39.83713172702119,128.09461975097656,88.25748802395537,1.334318955738819
17860000,-47.41442074254155,115.41891479492188,68.00449405238032,1.2022803624466345
17880000,-34.70824068039656,106.73696899414062,72.02872831374407,1.111843427021865
17900000,-17.17590876016766,114.59906005859375,97.42315129842609,1.1937402089432196
17920000,-21.522204633336514,122.81722259521484,101.29501796187833,1.2793460686996558
17940000,-24.749694734811783,89.82200622558594,65.07231149077415,0.9356458981828222
17960000,-21.38198411464691,110.55272674560547,89.17074263095856,1.1515909035996084
17980000,-23.925006598234177,114.75131225585938,90.8263056576252,1.1953261693314026
18000000,-12.975514266639948,104.02963256835938,91.05411830171943,1.0836420059199878
18020000,-46.02727709244937,98.38835144042969,52.36107434798032,1.0248786608374099
18040000,-35.73366317059845,122.61430358886719,86.88064041826874,1.2772323290502021
18060000,-22.850356394425035,98.58448028564453,75.7341238912195,1.0269216696417305
18080000,-23.451605951413512,84.19660186767578,60.74499591626227,0.877047936121281
18100000,-50.16265279520303,91.46715545654297,41.30450266133994,0.9527828693386179
18120000,-15.806802286300808,117.86161041259766,102.05480812629685,1.2277251084640806
18140000,-20.342326779849827,108.6518783569336,88.30955157708377,1.1317903995509506
18160000,-67.9697394259274,109.95831298828125,41.98857356235385,1.1453990936274834
18180000,-30.922897445503622,89.06510925292969,58.142211807426065,0.9277615547176561
18200000,1.4218656942248344,111.72518920898438,113.14705490320921,1.1638040542598003
18220000,-16.514268030878156,108.1158218383789,91.60155380750075,1.126206477482675
18240000,8.506525800330564,107.78658294677734,116.29310874710791,1.1227769056951598
18260000,-8.151375709567219,110.72164154052734,102.57026583096012,1.1533504327133772
18280000,0.09874081239104271,87.13386535644531,87.23260616883636,0.9076444307959516
18300000,-38.408526381477714,119.3449478149414,80.93642143346369,1.2431765397384886
18320000,-50.29362169653177,109.97991180419922,59.686290107667446,1.1456240812932954
18340000,-17.325511299073696,121.46996307373047,104.14445177465677,1.265312115350866
18360000,-33.2737475419417,124.83584594726562,91.56209840532392,1.3003733952835104
18380000,-17.536966395098716,122.72367095947266,105.18670456437394,1.2783715724940088
18400000,-20.14055712847039,99.09044647216797,78.94988934369758,1.0321921507513474
18420000,-2.8085879664868116,118.12232208251953,115.31373411603272,1.2304408550257655
18440000,-51.31165862106718,99.56399536132812,48.252336740260944,1.037124951680097
18460000,-46.43727913592011,117.70849609375,71.27121695782989,1.2261301676427512
18480000,-25.676250242162496,119.19261169433594,93.51636145217344,1.241589705148849
18500000,-11.727949563646689,113.37557983398438,101.64763027033769,1.1809956232702103
18520000,-23.068441464565694,107.76204681396484,84.69360534939915,1.122521320978363
18540000,-5.0177964088507,109.55989074707031,104.54209433821961,1.1412488619482042
18560000,25.835641452111304,105.17935180664062,131.01499325875193,1.0956182479854129
18580000,-4.552582886070013,103.25839233398438,98.70580944791436,1.075608253478585
18600000,-24.622084921225905,122.18565368652344,97.56356876529753,1.2727672259007898
18620000,-49.525896998122334,107.6915054321289,58.16560843400657,1.1217865149175723
18640000,110.74614066816866,134.64398193359375,245.3901226017624,1.4025414784743884
18660000,85.54265024559572,100.6099624633789,186.15261270897463,1.0480204423264552
18680000,105.19221768574789,98.84679412841797,204.03901181416586,1.0296541055039525
18700000,103.85474248230457,113.22330474853516,217.07804723083973,1.1794094244634483
18720000,107.37110360711813,101.35082244873047,208.7219260558486,1.055737733840531
18740000,89.35797786712646,105.06781005859375,194.42578792572021,1.094456354776592
18760000,113.3857366591692,84.34786987304688,197.73360653221607,0.8786236445105626
18780000,98.82920352369547,104.77742004394531,203.60662356764078,1.0914314587906717
18800000,84.25241978256963,108.34258270263672,192.59500248520635,1.128568569818693
18820000,84.01510010380298,107.32775115966797,191.34285126347095,1.1179974079127724
18840000,82.21890454180539,113.58055114746094,195.79945568926632,1.1831307411189238
18860000,81.83059692382812,110.12757873535156,191.9581756591797,1.1471622784927984
18880000,90.58432479063049,108.47866821289062,199.06299300352111,1.12998612721717
18900000,116.89982035756111,112.32585906982422,229.22567942738533,1.1700610319768798
18920000,90.40880981087685,96.31379699707031,186.72260680794716,1.0032687187190914
18940000,105.5150422709994,103.75347900390625,209.26852127490565,1.080765406290269
18960000,76.42554812505841,120.45704650878906,196.88259463384748,1.2547609011327303
18980000,92.36259460449219,102.3166275024414,194.6792221069336,1.065798203150016
19000000,104.94437386095524,109.37602996826172,214.32040382921696,1.1393336455022822
19020000,104.84453896200284,133.62086486816406,238.4654038301669,1.3918840090428333
19040000,107.50477008521557,121.71051788330078,229.21528796851635,1.2678178946172225
19060000,48.00600705295801,126.05341339111328,174.0594204440713,1.3130563894902516
19080000,114.11850811121985,88.41321563720703,202.53172374842688,0.9209709962205477
19100000,131.4014036487788,92.52991485595703,223.93131850473583,0.9638532797491769
19120000,110.3481580466032,95.74920654296875,206.09736458957195,0.9973875681555359
19140000,110.62172860838473,109.94981384277344,220.57154245115817,1.145310560861777
19160000,110.38770452747121,104.19378662109375,214.58149114856496,1.0853519439693038
19180000,31.41953456401825,103.4778823852539,134.89741694927216,1.0778946081793082
19200000,61.935810558497906,114.82488250732422,176.76069306582212,1.1960925261174946
19220000,91.53439172357321,133.49594116210938,225.03033288568258,1.3905827204380976
19240000,100.3117576893419,110.99867248535156,211.31043017469347,1.1562361717219616
19260000,100.3603515625,87.18463897705078,187.54499053955078,0.9081733226772584
19280000,113.6990141896531,111.96308898925781,225.6621031789109,1.166282176970981
19300000,112.06551284436136,119.32191467285156,231.38742751721293,1.2429366111750526
19320000,95.74586002528667,95.68701171875,191.43287174403667,0.9967397054032574
19340000,110.28892766172066,136.84730529785156,247.13623295957223,1.4254927635187316
19360000,94.26135076838546,113.5174789428711,207.77882971125655,1.1824737389877797
19380000,75.13035464659333,97.64346313476562,172.77381778135896,1.0171194076534122
19400000,106.06639140844345,110.09806823730469,216.16445964574814,1.1468548774714769
19420000,50.327628806233406,109.21553802490234,159.54316683113575,1.1376618544256227
19440000,99.02666355343536,119.3237533569336,218.35041691036895,1.2429557641342406
19460000,100.8984305690974,117.59104919433594,218.48947976343334,1.224906762440522
19480000,87.25403681304306,102.27130126953125,189.5253380825743,1.0653260548905354
19500000,111.40255128592253,113.142578125,224.54512941092253,1.1785685221349573
19520000,96.54521370120347,110.89112854003906,207.43634224124253,1.1551159222916234
19540000,75.9837624472566,96.74417877197266,172.72794121922925,1.0077518622076558
19560000,96.13327950821258,105.1640396118164,201.297319120029,1.095458745955994
19580000,115.25385556695983,91.54668426513672,206.80053983209655,0.9536112944281359
19600000,109.51531159877777,113.10963439941406,222.62494599819183,1.1782253583267708
19620000,95.2498732469976,112.67713165283203,207.92700489982963,1.1737201213832098
19640000,88.73831313848495,102.33582305908203,191.074136197567,1.0659981568650225
19660000,107.09479133784771,115.3511734008789,222.44596473872662,1.2015747229253535
19680000,94.96386723592877,113.79212188720703,208.7559891231358,1.1853346029912781
19700000,119.5869103372097,124.62100982666016,244.20792016386986,1.2981355190272041
19720000,106.57036982476711,107.432861328125,214.0032311528921,1.119092305500866
19740000,106.94417172670364,134.36996459960938,241.31413632631302,1.3996871312453856
19760000,100.6785331252031,106.15870666503906,206.83723979024217,1.105819861093726
19780000,94.83541372045875,116.83395385742188,211.66936757788062,1.2170203526810037
19800000,94.20524820685387,125.88758087158203,220.0928290784359,1.3113289674118018
19820000,98.39680827595294,129.35519409179688,227.7520023677498,1.3474499384556924
19840000,85.65198003314435,102.44882202148438,188.10080205462873,1.0671752293900463
19860000,96.53514813259244,120.6413803100586,217.17652844265103,1.256681044895954
19880000,122.49147471785545,117.27320861816406,239.76468333601952,1.2215959231053997
19900000,97.47630819445476,119.6432113647461,217.11951955920085,1.2462834517156194
19920000,101.51977133750916,119.69117736816406,221.21094870567322,1.2467830975845564
19940000,110.34056335687637,103.49388885498047,213.83445221185684,1.0780613422389598
19960000,96.89130424708128,103.77816009521484,200.66946434229612,1.0810225009914
19980000,105.6413270169869,133.83592224121094,239.47724925819784,1.3941241900120707
20000000,114.46188862249255,92.6747055053711,207.13659412786365,0.9653615156805726
